0 0 0 0 0 0 0 0 
0 1 0 0 0 0 0 0 
0 2 0 0 0 0 0 0 
0 3 0 0 0 0 0 0 
0 4 0 0 0 0 0 0 
0 5 0 0 0 0 0 0 
0 6 0 0 0 0 0 0 
1200 0 2000 1225 78 0 697 0 
1200 1 2000 227 3 0 1770 0 
1200 2 2000 122 0 0 1878 0 
1200 3 2000 337 10 0 1653 0 
1200 4 2000 138 3 0 1859 0 
1200 5 2000 504 13 0 1483 0 
1200 6 2000 265 3 0 1732 0 
2400 0 2000 1194 111 0 694 0 
2400 1 2000 266 4 0 1729 0 
2400 2 2000 126 1 0 1873 0 
2400 3 2000 375 10 0 1615 0 
2400 4 2000 136 0 0 1864 0 
2400 5 2000 486 11 0 1503 0 
2400 6 2000 264 3 0 1732 0 
3600 0 2000 1203 91 0 705 0 
3600 1 2000 249 4 0 1746 0 
3600 2 2000 132 2 0 1866 0 
3600 3 2000 380 7 0 1613 0 
3600 4 2000 135 2 0 1863 0 
3600 5 2000 497 19 0 1483 0 
3600 6 2000 271 3 0 1725 0 
4800 0 2000 1214 102 0 682 0 
4800 1 2000 241 3 0 1755 0 
4800 2 2000 124 0 0 1876 0 
4800 3 2000 366 11 0 1622 0 
4800 4 2000 133 2 0 1864 0 
4800 5 2000 494 15 0 1489 0 
4800 6 2000 264 3 0 1732 0 
6000 0 2000 1218 93 0 687 0 
6000 1 2000 241 6 0 1752 0 
6000 2 2000 126 3 0 1871 0 
6000 3 2000 358 7 0 1635 0 
6000 4 2000 131 1 0 1868 0 
6000 5 2000 504 16 0 1480 0 
6000 6 2000 283 0 0 1716 0 
7200 0 2000 1231 87 0 680 0 
7200 1 2000 258 4 0 1738 0 
7200 2 2000 124 3 0 1873 0 
7200 3 2000 358 12 0 1630 0 
7200 4 2000 156 2 0 1841 0 
7200 5 2000 519 12 0 1469 0 
7200 6 2000 271 1 0 1727 0 
8400 0 2000 1220 98 0 680 0 
8400 1 2000 241 2 0 1756 0 
8400 2 2000 123 1 0 1876 0 
8400 3 2000 360 8 0 1631 0 
8400 4 2000 128 1 0 1870 0 
8400 5 2000 498 12 0 1489 0 
8400 6 2000 264 5 0 1730 0 
9600 0 2000 1217 87 0 696 0 
9600 1 2000 244 5 0 1751 0 
9600 2 2000 141 0 0 1859 0 
9600 3 2000 353 8 0 1639 0 
9600 4 2000 140 2 0 1858 0 
9600 5 2000 502 19 0 1479 0 
9600 6 2000 257 3 0 1740 0 
10800 0 2000 1220 86 0 693 0 
10800 1 2000 256 4 0 1740 0 
10800 2 2000 122 0 0 1878 0 
10800 3 2000 364 7 0 1629 0 
10800 4 2000 137 0 0 1862 0 
10800 5 2000 497 16 0 1486 0 
10800 6 2000 275 4 0 1721 0 
12000 0 2000 1201 89 0 708 0 
12000 1 2000 229 5 0 1765 0 
12000 2 2000 134 1 0 1865 0 
12000 3 2000 344 1 0 1655 0 
12000 4 2000 141 1 0 1857 0 
12000 5 2000 479 14 0 1506 0 
12000 6 2000 257 3 0 1739 0 
13200 0 2000 1192 95 0 711 0 
13200 1 2000 241 5 0 1753 0 
13200 2 2000 126 2 0 1872 0 
13200 3 2000 350 5 0 1644 0 
13200 4 2000 141 3 0 1855 0 
13200 5 2000 504 20 0 1475 0 
13200 6 2000 271 5 0 1723 0 
14400 0 2000 1219 90 0 690 0 
14400 1 2000 235 3 0 1762 0 
14400 2 2000 128 2 0 1870 0 
14400 3 2000 373 8 0 1618 0 
14400 4 2000 150 2 0 1847 0 
14400 5 2000 502 14 0 1483 0 
14400 6 2000 284 8 0 1708 0 
15600 0 2000 1233 82 0 684 0 
15600 1 2000 248 4 0 1748 0 
15600 2 2000 126 1 0 1873 0 
15600 3 2000 369 9 0 1622 0 
15600 4 2000 137 0 0 1863 0 
15600 5 2000 483 16 0 1501 0 
15600 6 2000 266 3 0 1731 0 
16800 0 2000 1230 94 0 675 0 
16800 1 2000 255 6 0 1739 0 
16800 2 2000 121 1 0 1878 0 
16800 3 2000 370 7 0 1623 0 
16800 4 2000 129 2 0 1869 0 
16800 5 2000 510 13 0 1477 0 
16800 6 2000 269 5 0 1726 0 
18000 0 2000 1154 92 0 688 65 
18000 1 2000 236 6 0 1758 0 
18000 2 2000 119 0 0 1874 7 
18000 3 2000 355 10 0 1630 5 
18000 4 2000 136 5 0 1857 1 
18000 5 2000 500 20 0 1473 7 
18000 6 2000 270 5 0 1723 2 
19200 0 2000 1184 79 0 683 54 
19200 1 2000 236 1 0 1759 4 
19200 2 2000 118 2 0 1878 2 
19200 3 2000 343 8 0 1644 5 
19200 4 2000 147 1 0 1847 5 
19200 5 2000 487 15 0 1480 18 
19200 6 2000 264 7 0 1725 4 
20400 0 2000 1164 98 0 669 67 
20400 1 2000 238 2 0 1758 2 
20400 2 2000 130 1 0 1864 5 
20400 3 2000 341 10 0 1636 13 
20400 4 2000 133 2 0 1862 2 
20400 5 2000 476 18 0 1488 17 
20400 6 2000 259 4 0 1730 7 
21600 0 2000 1170 81 0 687 61 
21600 1 2000 220 5 0 1758 17 
21600 2 2000 122 4 0 1870 4 
21600 3 2000 355 7 0 1626 12 
21600 4 2000 137 1 0 1856 6 
21600 5 2000 479 16 0 1485 20 
21600 6 2000 261 6 0 1729 4 
22800 0 2000 1156 75 0 710 59 
22800 1 2000 252 2 0 1740 5 
22800 2 2000 134 0 0 1864 2 
22800 3 2000 359 4 0 1630 5 
22800 4 2000 131 0 0 1867 1 
22800 5 2000 522 11 0 1461 5 
22800 6 2000 277 4 0 1709 9 
24000 0 2000 1179 91 0 663 64 
24000 1 2000 237 3 0 1753 6 
24000 2 2000 124 2 0 1874 0 
24000 3 2000 365 7 0 1620 7 
24000 4 2000 144 0 0 1854 0 
24000 5 2000 497 21 0 1465 16 
24000 6 2000 266 7 0 1720 6 
25200 0 2000 1175 103 0 681 40 
25200 1 2000 235 4 0 1756 5 
25200 2 2000 116 2 0 1875 7 
25200 3 2000 366 6 0 1613 15 
25200 4 2000 150 2 0 1848 0 
25200 5 2000 502 16 0 1461 21 
25200 6 2000 263 7 0 1720 10 
26400 0 2000 1178 80 0 691 50 
26400 1 2000 242 5 0 1751 1 
26400 2 2000 132 0 0 1868 0 
26400 3 2000 368 2 0 1624 6 
26400 4 2000 137 0 0 1856 7 
26400 5 2000 504 20 0 1454 22 
26400 6 2000 267 5 0 1723 4 
27600 0 2000 1156 114 0 671 58 
27600 1 2000 246 6 0 1745 2 
27600 2 2000 129 2 0 1863 6 
27600 3 2000 341 11 0 1646 2 
27600 4 2000 124 3 0 1873 0 
27600 5 2000 485 18 0 1486 11 
27600 6 2000 269 1 0 1722 7 
28800 0 2000 1185 101 0 663 51 
28800 1 2000 265 8 0 1724 3 
28800 2 2000 136 1 0 1851 12 
28800 3 2000 347 8 0 1631 14 
28800 4 2000 137 2 0 1859 2 
28800 5 2000 501 22 0 1465 12 
28800 6 2000 271 5 0 1718 6 
30000 0 2000 1164 77 0 686 71 
30000 1 2000 228 4 0 1753 14 
30000 2 2000 126 2 0 1872 0 
30000 3 2000 360 13 0 1612 14 
30000 4 2000 134 2 0 1861 2 
30000 5 2000 500 12 0 1467 20 
30000 6 2000 251 3 0 1741 4 
31200 0 2000 1183 91 0 673 51 
31200 1 2000 245 5 0 1744 5 
31200 2 2000 126 0 0 1869 5 
31200 3 2000 362 8 0 1627 3 
31200 4 2000 138 2 0 1858 1 
31200 5 2000 489 14 0 1479 17 
31200 6 2000 271 4 0 1722 2 
32400 0 2000 1215 74 0 649 61 
32400 1 2000 225 7 0 1764 4 
32400 2 2000 121 0 0 1878 1 
32400 3 2000 364 6 0 1624 5 
32400 4 2000 125 2 0 1869 3 
32400 5 2000 495 15 0 1474 15 
32400 6 2000 273 4 0 1712 11 
33600 0 2000 1179 92 0 652 75 
33600 1 2000 238 4 0 1753 5 
33600 2 2000 133 0 0 1865 2 
33600 3 2000 364 7 0 1618 10 
33600 4 2000 142 0 0 1856 1 
33600 5 2000 523 8 0 1463 5 
33600 6 2000 266 2 0 1727 5 
34800 0 2000 1162 92 0 671 74 
34800 1 2000 236 5 0 1756 2 
34800 2 2000 123 0 0 1875 2 
34800 3 2000 360 6 0 1629 5 
34800 4 2000 131 1 0 1867 1 
34800 5 2000 497 17 0 1468 17 
34800 6 2000 259 3 0 1731 6 
36000 0 2000 1199 96 0 646 59 
36000 1 2000 235 6 0 1756 3 
36000 2 2000 123 1 0 1865 11 
36000 3 2000 353 4 0 1632 11 
36000 4 2000 132 0 0 1865 3 
36000 5 2000 491 13 0 1479 17 
36000 6 2000 268 5 0 1718 9 
37200 0 2000 1166 98 0 682 51 
37200 1 2000 237 4 0 1752 6 
37200 2 2000 129 0 0 1866 5 
37200 3 2000 338 16 0 1642 3 
37200 4 2000 133 0 0 1865 0 
37200 5 2000 480 22 0 1480 17 
37200 6 2000 269 2 0 1726 2 
38400 0 2000 1193 68 0 674 65 
38400 1 2000 254 5 0 1737 4 
38400 2 2000 120 0 0 1879 1 
38400 3 2000 353 10 0 1627 10 
38400 4 2000 129 2 0 1869 0 
38400 5 2000 506 15 0 1467 12 
38400 6 2000 279 5 0 1711 5 
39600 0 2000 1190 90 0 662 58 
39600 1 2000 247 2 0 1748 3 
39600 2 2000 134 0 0 1861 5 
39600 3 2000 344 4 0 1636 16 
39600 4 2000 137 2 0 1859 2 
39600 5 2000 492 20 0 1481 7 
39600 6 2000 278 4 0 1711 7 
40800 0 2000 1198 86 0 658 55 
40800 1 2000 252 3 0 1737 7 
40800 2 2000 125 0 0 1874 1 
40800 3 2000 352 5 0 1630 12 
40800 4 2000 137 2 0 1858 1 
40800 5 2000 494 12 0 1481 12 
40800 6 2000 256 2 0 1738 3 
42000 0 2000 1147 91 0 688 72 
42000 1 2000 246 9 0 1739 5 
42000 2 2000 138 1 0 1854 7 
42000 3 2000 332 14 0 1639 14 
42000 4 2000 137 3 0 1855 4 
42000 5 2000 512 13 0 1450 24 
42000 6 2000 254 8 0 1734 3 
43200 0 2000 1198 80 0 648 72 
43200 1 2000 240 4 0 1745 10 
43200 2 2000 126 1 0 1869 4 
43200 3 2000 371 9 0 1590 29 
43200 4 2000 125 1 0 1867 6 
43200 5 2000 504 14 0 1474 7 
43200 6 2000 281 6 0 1706 6 
44400 0 2000 1192 95 0 644 68 
44400 1 2000 230 3 0 1759 8 
44400 2 2000 121 1 0 1873 5 
44400 3 2000 340 9 0 1643 8 
44400 4 2000 135 1 0 1860 3 
44400 5 2000 491 16 0 1473 20 
44400 6 2000 268 5 0 1725 2 
45600 0 2000 1180 93 0 660 66 
45600 1 2000 241 7 0 1744 7 
45600 2 2000 132 1 0 1865 2 
45600 3 2000 361 12 0 1616 11 
45600 4 2000 128 1 0 1871 0 
45600 5 2000 496 15 0 1478 10 
45600 6 2000 269 5 0 1718 7 
46800 0 2000 1188 77 0 655 79 
46800 1 2000 228 4 0 1757 11 
46800 2 2000 124 1 0 1873 2 
46800 3 2000 354 8 0 1626 11 
46800 4 2000 147 1 0 1844 7 
46800 5 2000 495 12 0 1465 27 
46800 6 2000 265 3 0 1726 6 
48000 0 2000 1215 80 0 663 40 
48000 1 2000 242 4 0 1738 15 
48000 2 2000 138 0 0 1861 1 
48000 3 2000 360 6 0 1620 13 
48000 4 2000 145 3 0 1847 4 
48000 5 2000 502 8 0 1468 21 
48000 6 2000 271 2 0 1719 7 
49200 0 2000 1203 94 0 648 54 
49200 1 2000 244 2 0 1746 8 
49200 2 2000 137 1 0 1859 3 
49200 3 2000 364 6 0 1620 9 
49200 4 2000 129 1 0 1865 4 
49200 5 2000 502 25 0 1463 9 
49200 6 2000 275 5 0 1713 7 
50400 0 2000 1199 112 0 640 48 
50400 1 2000 255 3 0 1736 5 
50400 2 2000 135 2 0 1857 6 
50400 3 2000 351 7 0 1628 14 
50400 4 2000 140 3 0 1849 8 
50400 5 2000 508 15 0 1461 16 
50400 6 2000 266 3 0 1721 9 
51600 0 2000 1239 81 0 628 52 
51600 1 2000 238 3 0 1758 1 
51600 2 2000 134 0 0 1856 10 
51600 3 2000 365 2 0 1622 11 
51600 4 2000 133 1 0 1863 3 
51600 5 2000 503 10 0 1470 17 
51600 6 2000 274 2 0 1719 5 
52800 0 2000 1190 101 0 647 61 
52800 1 2000 246 2 0 1743 8 
52800 2 2000 124 1 0 1870 5 
52800 3 2000 357 8 0 1621 14 
52800 4 2000 140 1 0 1855 4 
52800 5 2000 495 21 0 1468 16 
52800 6 2000 265 3 0 1725 6 
54000 0 2000 1195 101 0 644 59 
54000 1 2000 238 4 0 1750 8 
54000 2 2000 137 2 0 1858 3 
54000 3 2000 356 12 0 1625 7 
54000 4 2000 134 1 0 1863 1 
54000 5 2000 485 9 0 1488 18 
54000 6 2000 270 3 0 1718 9 
55200 0 2000 1199 101 0 629 71 
55200 1 2000 253 3 0 1733 11 
55200 2 2000 126 1 0 1869 4 
55200 3 2000 362 7 0 1621 9 
55200 4 2000 141 0 0 1856 2 
55200 5 2000 523 14 0 1448 14 
55200 6 2000 268 4 0 1720 8 
56400 0 2000 1228 98 0 626 48 
56400 1 2000 245 11 0 1738 6 
56400 2 2000 138 3 0 1855 4 
56400 3 2000 359 4 0 1616 21 
56400 4 2000 137 1 0 1861 1 
56400 5 2000 521 17 0 1455 7 
56400 6 2000 279 4 0 1714 3 
57600 0 2000 1189 108 0 642 60 
57600 1 2000 264 3 0 1726 6 
57600 2 2000 122 0 0 1876 2 
57600 3 2000 352 8 0 1628 12 
57600 4 2000 140 1 0 1856 3 
57600 5 2000 503 12 0 1478 7 
57600 6 2000 280 7 0 1708 4 
58800 0 2000 1227 82 0 641 50 
58800 1 2000 246 4 0 1750 0 
58800 2 2000 121 1 0 1872 6 
58800 3 2000 352 4 0 1639 5 
58800 4 2000 137 0 0 1857 6 
58800 5 2000 516 14 0 1458 12 
58800 6 2000 268 3 0 1726 3 
60000 0 2000 1221 100 0 618 61 
60000 1 2000 250 4 0 1743 3 
60000 2 2000 138 3 0 1856 3 
60000 3 2000 361 6 0 1625 8 
60000 4 2000 135 0 0 1861 4 
60000 5 2000 495 15 0 1475 15 
60000 6 2000 267 3 0 1717 13 
61200 0 2000 1235 85 0 620 58 
61200 1 2000 260 1 0 1735 3 
61200 2 2000 133 1 0 1864 2 
61200 3 2000 366 5 0 1626 3 
61200 4 2000 142 0 0 1856 1 
61200 5 2000 535 12 0 1445 8 
61200 6 2000 274 2 0 1711 12 
62400 0 2000 1207 100 0 634 57 
62400 1 2000 243 8 0 1745 3 
62400 2 2000 140 2 0 1847 11 
62400 3 2000 349 9 0 1630 11 
62400 4 2000 143 1 0 1852 3 
62400 5 2000 513 18 0 1452 15 
62400 6 2000 279 5 0 1713 2 
63600 0 2000 1205 104 0 638 53 
63600 1 2000 260 2 0 1732 5 
63600 2 2000 142 1 0 1852 5 
63600 3 2000 386 6 0 1599 9 
63600 4 2000 139 0 0 1860 1 
63600 5 2000 496 14 0 1480 9 
63600 6 2000 283 4 0 1706 6 
64800 0 2000 1217 82 0 626 74 
64800 1 2000 236 4 0 1745 14 
64800 2 2000 126 0 0 1866 8 
64800 3 2000 357 7 0 1624 12 
64800 4 2000 138 1 0 1859 2 
64800 5 2000 512 10 0 1466 11 
64800 6 2000 276 6 0 1705 12 
66000 0 2000 1224 106 0 624 45 
66000 1 2000 248 7 0 1740 4 
66000 2 2000 116 2 0 1875 7 
66000 3 2000 350 5 0 1628 17 
66000 4 2000 138 1 0 1861 0 
66000 5 2000 506 22 0 1450 22 
66000 6 2000 273 5 0 1710 11 
67200 0 2000 1193 100 0 631 75 
67200 1 2000 239 1 0 1758 1 
67200 2 2000 135 2 0 1852 11 
67200 3 2000 360 11 0 1619 10 
67200 4 2000 145 0 0 1855 0 
67200 5 2000 515 13 0 1460 11 
67200 6 2000 267 5 0 1719 8 
68400 0 2000 1226 92 0 625 56 
68400 1 2000 240 4 0 1744 12 
68400 2 2000 122 1 0 1875 2 
68400 3 2000 365 9 0 1619 7 
68400 4 2000 129 2 0 1862 7 
68400 5 2000 508 12 0 1471 9 
68400 6 2000 270 3 0 1718 9 
69600 0 2000 1208 101 0 601 88 
69600 1 2000 254 3 0 1740 2 
69600 2 2000 130 1 0 1869 0 
69600 3 2000 348 7 0 1624 21 
69600 4 2000 134 0 0 1858 7 
69600 5 2000 490 22 0 1464 24 
69600 6 2000 271 7 0 1715 6 
70800 0 2000 1197 105 0 626 71 
70800 1 2000 254 9 0 1724 13 
70800 2 2000 134 1 0 1854 11 
70800 3 2000 374 9 0 1600 16 
70800 4 2000 136 3 0 1860 0 
70800 5 2000 506 19 0 1450 24 
70800 6 2000 287 2 0 1701 10 
72000 0 2000 1210 107 0 617 64 
72000 1 2000 245 2 0 1745 7 
72000 2 2000 128 1 0 1870 1 
72000 3 2000 352 6 0 1630 11 
72000 4 2000 136 2 0 1856 5 
72000 5 2000 495 19 0 1473 12 
72000 6 2000 260 6 0 1730 3 
73200 0 2000 1211 102 0 611 74 
73200 1 2000 245 5 0 1746 3 
73200 2 2000 121 2 0 1877 0 
73200 3 2000 362 5 0 1623 9 
73200 4 2000 133 2 0 1863 1 
73200 5 2000 495 18 0 1470 17 
73200 6 2000 272 13 0 1707 7 
74400 0 2000 1229 100 0 622 49 
74400 1 2000 238 3 0 1755 4 
74400 2 2000 130 0 0 1867 3 
74400 3 2000 360 6 0 1624 10 
74400 4 2000 128 0 0 1870 2 
74400 5 2000 494 14 0 1478 14 
74400 6 2000 269 1 0 1729 1 
75600 0 2000 1188 82 0 621 108 
75600 1 2000 245 3 0 1748 4 
75600 2 2000 135 0 0 1865 0 
75600 3 2000 351 7 0 1633 8 
75600 4 2000 147 2 0 1846 4 
75600 5 2000 505 21 0 1452 21 
75600 6 2000 280 6 0 1697 17 
76800 0 2000 1202 104 0 625 67 
76800 1 2000 259 4 0 1724 12 
76800 2 2000 136 2 0 1861 1 
76800 3 2000 349 12 0 1628 11 
76800 4 2000 135 3 0 1860 2 
76800 5 2000 504 18 0 1466 11 
76800 6 2000 269 9 0 1717 5 
78000 0 2000 1235 95 0 589 80 
78000 1 2000 241 10 0 1736 12 
78000 2 2000 128 1 0 1867 4 
78000 3 2000 352 8 0 1630 10 
78000 4 2000 132 1 0 1867 0 
78000 5 2000 507 14 0 1466 12 
78000 6 2000 271 7 0 1710 12 
79200 0 2000 1252 84 0 613 50 
79200 1 2000 245 4 0 1746 5 
79200 2 2000 143 4 0 1849 4 
79200 3 2000 352 8 0 1621 19 
79200 4 2000 134 1 0 1853 11 
79200 5 2000 486 18 0 1481 15 
79200 6 2000 270 7 0 1712 11 
80400 0 2000 1209 115 0 623 53 
80400 1 2000 244 10 0 1742 4 
80400 2 2000 124 1 0 1872 3 
80400 3 2000 341 5 0 1641 13 
80400 4 2000 137 0 0 1860 2 
80400 5 2000 501 16 0 1474 9 
80400 6 2000 283 5 0 1703 9 
81600 0 2000 1205 117 0 606 69 
81600 1 2000 238 6 0 1746 9 
81600 2 2000 132 1 0 1864 3 
81600 3 2000 378 7 0 1612 2 
81600 4 2000 138 1 0 1851 8 
81600 5 2000 512 23 0 1447 16 
81600 6 2000 274 11 0 1712 2 
82800 0 2000 1212 104 0 597 85 
82800 1 2000 251 5 0 1733 11 
82800 2 2000 125 1 0 1872 2 
82800 3 2000 367 8 0 1611 14 
82800 4 2000 139 1 0 1854 4 
82800 5 2000 533 14 0 1440 12 
82800 6 2000 283 4 0 1709 4 
84000 0 2000 1222 97 0 605 74 
84000 1 2000 243 8 0 1743 6 
84000 2 2000 139 0 0 1858 3 
84000 3 2000 374 7 0 1614 5 
84000 4 2000 146 2 0 1845 6 
84000 5 2000 524 18 0 1439 18 
84000 6 2000 269 8 0 1714 9 
85200 0 2000 1220 101 0 597 80 
85200 1 2000 253 4 0 1731 11 
85200 2 2000 155 1 0 1840 4 
85200 3 2000 374 10 0 1606 10 
85200 4 2000 141 1 0 1852 6 
85200 5 2000 514 19 0 1459 8 
85200 6 2000 275 9 0 1706 9 
86400 0 2000 1222 106 0 605 64 
86400 1 2000 249 9 0 1734 7 
86400 2 2000 138 3 0 1859 0 
86400 3 2000 383 5 0 1602 9 
86400 4 2000 133 2 0 1861 2 
86400 5 2000 513 11 0 1446 28 
86400 6 2000 274 2 0 1709 14 
87600 0 2000 1234 112 0 595 57 
87600 1 2000 261 4 0 1732 2 
87600 2 2000 124 2 0 1870 4 
87600 3 2000 382 11 0 1605 1 
87600 4 2000 135 2 0 1861 1 
87600 5 2000 528 13 0 1447 11 
87600 6 2000 293 4 0 1702 0 
88800 0 2000 1229 97 0 608 65 
88800 1 2000 254 5 0 1736 5 
88800 2 2000 148 2 0 1846 4 
88800 3 2000 366 9 0 1608 17 
88800 4 2000 146 1 0 1845 7 
88800 5 2000 532 21 0 1439 8 
88800 6 2000 283 7 0 1707 3 
90000 0 2000 1201 115 0 597 87 
90000 1 2000 258 4 0 1730 8 
90000 2 2000 142 1 0 1856 1 
90000 3 2000 375 18 0 1599 8 
90000 4 2000 137 3 0 1854 6 
90000 5 2000 496 23 0 1448 33 
90000 6 2000 281 5 0 1705 9 
91200 0 2000 1227 97 0 603 71 
91200 1 2000 247 4 0 1745 4 
91200 2 2000 131 2 0 1865 2 
91200 3 2000 353 11 0 1630 5 
91200 4 2000 132 2 0 1864 0 
91200 5 2000 504 12 0 1467 16 
91200 6 2000 266 4 0 1728 2 
92400 0 2000 1230 107 0 592 70 
92400 1 2000 240 2 0 1753 5 
92400 2 2000 129 0 0 1866 5 
92400 3 2000 374 4 0 1613 9 
92400 4 2000 136 0 0 1858 6 
92400 5 2000 491 18 0 1475 16 
92400 6 2000 264 10 0 1719 7 
93600 0 2000 1212 98 0 627 61 
93600 1 2000 248 5 0 1744 2 
93600 2 2000 131 2 0 1860 7 
93600 3 2000 382 8 0 1590 20 
93600 4 2000 138 3 0 1848 10 
93600 5 2000 502 21 0 1446 30 
93600 6 2000 280 4 0 1708 7 
94800 0 2000 1245 101 0 602 50 
94800 1 2000 256 3 0 1735 6 
94800 2 2000 126 1 0 1869 4 
94800 3 2000 362 13 0 1612 12 
94800 4 2000 146 2 0 1850 0 
94800 5 2000 507 17 0 1460 16 
94800 6 2000 272 2 0 1719 7 
96000 0 2000 1197 100 0 633 70 
96000 1 2000 241 6 0 1747 6 
96000 2 2000 134 2 0 1861 3 
96000 3 2000 355 15 0 1618 12 
96000 4 2000 138 4 0 1850 7 
96000 5 2000 517 22 0 1443 18 
96000 6 2000 276 3 0 1712 9 
97200 0 2000 1242 88 0 615 53 
97200 1 2000 242 1 0 1746 10 
97200 2 2000 138 2 0 1856 4 
97200 3 2000 359 10 0 1619 11 
97200 4 2000 140 0 0 1859 1 
97200 5 2000 534 15 0 1436 15 
97200 6 2000 283 5 0 1699 12 
98400 0 2000 1218 87 0 604 90 
98400 1 2000 236 4 0 1753 7 
98400 2 2000 127 0 0 1869 4 
98400 3 2000 366 4 0 1609 21 
98400 4 2000 137 1 0 1861 0 
98400 5 2000 502 15 0 1464 18 
98400 6 2000 266 8 0 1722 4 
99600 0 2000 1221 110 0 610 59 
99600 1 2000 246 4 0 1738 12 
99600 2 2000 137 0 0 1859 4 
99600 3 2000 390 10 0 1585 15 
99600 4 2000 151 1 0 1844 4 
99600 5 2000 534 26 0 1439 1 
99600 6 2000 268 7 0 1720 5 
100800 0 2000 1245 101 0 588 66 
100800 1 2000 254 0 0 1746 0 
100800 2 2000 140 1 0 1857 2 
100800 3 2000 373 10 0 1607 10 
100800 4 2000 141 1 0 1856 1 
100800 5 2000 515 20 0 1453 11 
100800 6 2000 266 4 0 1728 2 
102000 0 2000 1250 100 0 599 48 
102000 1 2000 247 3 0 1743 7 
102000 2 2000 132 3 0 1864 1 
102000 3 2000 372 11 0 1602 14 
102000 4 2000 140 4 0 1851 3 
102000 5 2000 500 20 0 1453 26 
102000 6 2000 273 5 0 1715 6 
103200 0 2000 1233 95 0 606 63 
103200 1 2000 252 4 0 1737 7 
103200 2 2000 132 1 0 1862 5 
103200 3 2000 370 7 0 1616 6 
103200 4 2000 147 1 0 1848 2 
103200 5 2000 507 19 0 1451 22 
103200 6 2000 266 4 0 1716 13 
104400 0 2000 1223 96 0 578 102 
104400 1 2000 250 2 0 1741 6 
104400 2 2000 143 0 0 1848 9 
104400 3 2000 357 4 0 1620 19 
104400 4 2000 135 4 0 1860 1 
104400 5 2000 492 14 0 1481 12 
104400 6 2000 263 5 0 1726 5 
105600 0 2000 1249 87 0 607 57 
105600 1 2000 245 5 0 1742 8 
105600 2 2000 133 2 0 1865 0 
105600 3 2000 373 8 0 1598 21 
105600 4 2000 131 0 0 1861 8 
105600 5 2000 510 16 0 1454 20 
105600 6 2000 271 9 0 1713 7 
106800 0 2000 1255 95 0 589 59 
106800 1 2000 266 2 0 1721 10 
106800 2 2000 142 2 0 1850 6 
106800 3 2000 387 3 0 1593 16 
106800 4 2000 131 3 0 1863 2 
106800 5 2000 504 13 0 1465 17 
106800 6 2000 268 11 0 1718 2 
108000 0 2000 1224 124 0 579 72 
108000 1 2000 255 4 0 1732 9 
108000 2 2000 145 0 0 1850 5 
108000 3 2000 367 8 0 1614 11 
108000 4 2000 136 2 0 1862 0 
108000 5 2000 510 13 0 1449 28 
108000 6 2000 277 0 0 1715 8 
109200 0 2000 1260 101 0 574 63 
109200 1 2000 252 8 0 1732 7 
109200 2 2000 126 1 0 1872 1 
109200 3 2000 359 12 0 1607 22 
109200 4 2000 137 3 0 1856 4 
109200 5 2000 526 20 0 1438 15 
109200 6 2000 287 6 0 1695 11 
110400 0 2000 1235 93 0 601 70 
110400 1 2000 246 6 0 1742 6 
110400 2 2000 137 0 0 1859 4 
110400 3 2000 371 14 0 1608 7 
110400 4 2000 137 2 0 1857 4 
110400 5 2000 508 24 0 1448 20 
110400 6 2000 267 8 0 1719 6 
111600 0 2000 1246 105 0 575 73 
111600 1 2000 254 2 0 1728 15 
111600 2 2000 123 1 0 1872 4 
111600 3 2000 354 11 0 1615 20 
111600 4 2000 147 2 0 1841 10 
111600 5 2000 522 15 0 1438 24 
111600 6 2000 267 4 0 1711 18 
112800 0 2000 1223 108 0 593 75 
112800 1 2000 257 5 0 1735 3 
112800 2 2000 141 2 0 1857 0 
112800 3 2000 363 6 0 1624 7 
112800 4 2000 151 0 0 1831 17 
112800 5 2000 521 10 0 1457 12 
112800 6 2000 269 2 0 1727 2 
114000 0 2000 1234 95 0 591 77 
114000 1 2000 252 6 0 1729 12 
114000 2 2000 132 2 0 1859 7 
114000 3 2000 369 9 0 1607 14 
114000 4 2000 140 2 0 1848 9 
114000 5 2000 525 19 0 1438 16 
114000 6 2000 280 2 0 1706 11 
115200 0 2000 1245 94 0 583 77 
115200 1 2000 241 3 0 1748 8 
115200 2 2000 140 3 0 1857 0 
115200 3 2000 386 11 0 1594 9 
115200 4 2000 143 1 0 1852 4 
115200 5 2000 511 23 0 1447 19 
115200 6 2000 265 8 0 1722 5 
116400 0 2000 1232 102 0 587 77 
116400 1 2000 242 7 0 1744 6 
116400 2 2000 131 1 0 1868 0 
116400 3 2000 364 5 0 1615 16 
116400 4 2000 144 1 0 1849 5 
116400 5 2000 512 21 0 1460 7 
116400 6 2000 278 7 0 1712 2 
117600 0 2000 1243 98 0 582 77 
117600 1 2000 247 7 0 1730 16 
117600 2 2000 138 1 0 1861 0 
117600 3 2000 378 10 0 1601 11 
117600 4 2000 140 4 0 1854 2 
117600 5 2000 525 16 0 1434 25 
117600 6 2000 275 4 0 1715 6 
118800 0 2000 1269 105 0 573 53 
118800 1 2000 244 6 0 1741 9 
118800 2 2000 116 1 0 1873 10 
118800 3 2000 375 11 0 1602 12 
118800 4 2000 137 2 0 1858 3 
118800 5 2000 498 18 0 1463 21 
118800 6 2000 278 7 0 1709 6 
