0 0 0 0 0 0 0 0 
1200 0 1000 524 16 0 459 0 
2400 0 1000 562 16 0 421 0 
3600 0 1000 534 18 0 448 0 
4800 0 1000 538 14 0 448 0 
6000 0 1000 550 21 0 428 0 
7200 0 1000 557 17 0 426 0 
8400 0 1000 541 13 0 446 0 
9600 0 1000 554 15 0 430 0 
10800 0 1000 544 21 0 435 0 
12000 0 1000 550 11 0 438 0 
13200 0 1000 526 13 0 460 0 
14400 0 1000 553 16 0 431 0 
15600 0 1000 549 16 0 434 0 
16800 0 1000 542 21 0 436 0 
18000 0 1000 509 15 0 447 29 
19200 0 1000 545 7 0 420 28 
20400 0 1000 549 18 0 409 23 
21600 0 1000 528 20 0 426 26 
22800 0 1000 534 23 0 406 36 
24000 0 1000 545 20 0 412 22 
25200 0 1000 532 19 0 416 32 
26400 0 1000 504 20 0 456 19 
27600 0 1000 547 26 0 409 18 
28800 0 1000 544 18 0 408 30 
30000 0 1000 533 20 0 421 25 
31200 0 1000 533 20 0 419 27 
32400 0 1000 541 13 0 408 37 
33600 0 1000 556 13 0 409 21 
34800 0 1000 531 18 0 423 28 
36000 0 1000 542 17 0 423 17 
37200 0 1000 544 16 0 421 18 
38400 0 1000 554 13 0 401 31 
39600 0 1000 541 19 0 422 17 
40800 0 1000 546 28 0 404 21 
42000 0 1000 545 16 0 415 23 
43200 0 1000 544 17 0 390 49 
44400 0 1000 565 22 0 386 26 
45600 0 1000 559 24 0 391 25 
46800 0 1000 567 16 0 386 30 
48000 0 1000 597 24 0 353 26 
49200 0 1000 569 21 0 382 28 
50400 0 1000 545 21 0 404 29 
51600 0 1000 565 21 0 391 23 
52800 0 1000 558 29 0 387 25 
54000 0 1000 560 22 0 395 22 
55200 0 1000 570 27 0 372 30 
56400 0 1000 558 16 0 383 42 
57600 0 1000 549 23 0 387 40 
58800 0 1000 583 30 0 359 28 
60000 0 1000 574 24 0 357 44 
61200 0 1000 612 26 0 340 21 
62400 0 1000 576 18 0 370 35 
63600 0 1000 600 26 0 351 22 
64800 0 1000 605 20 0 343 31 
66000 0 1000 598 17 0 355 30 
67200 0 1000 583 30 0 350 36 
68400 0 1000 587 25 0 342 45 
69600 0 1000 600 22 0 345 32 
70800 0 1000 597 17 0 361 24 
72000 0 1000 597 17 0 359 26 
73200 0 1000 600 32 0 339 28 
74400 0 1000 588 31 0 341 39 
75600 0 1000 616 20 0 330 34 
76800 0 1000 588 35 0 335 41 
78000 0 1000 612 31 0 329 27 
79200 0 1000 584 36 0 338 41 
80400 0 1000 599 33 0 330 37 
81600 0 1000 604 24 0 317 54 
82800 0 1000 602 33 0 331 33 
84000 0 1000 625 21 0 333 20 
85200 0 1000 615 33 0 314 37 
86400 0 1000 643 32 0 286 38 
87600 0 1000 620 27 0 318 34 
88800 0 1000 598 30 0 331 40 
90000 0 1000 607 27 0 328 37 
91200 0 1000 604 33 0 326 37 
92400 0 1000 646 28 0 294 31 
93600 0 1000 607 31 0 323 38 
94800 0 1000 612 29 0 320 38 
96000 0 1000 630 28 0 309 32 
97200 0 1000 636 20 0 307 36 
98400 0 1000 639 20 0 315 25 
99600 0 1000 636 36 0 298 29 
100800 0 1000 628 33 0 301 37 
102000 0 1000 633 26 0 322 18 
103200 0 1000 626 40 0 296 37 
104400 0 1000 641 28 0 305 25 
105600 0 1000 638 31 0 300 30 
106800 0 1000 637 27 0 293 42 
108000 0 1000 653 31 0 288 27 
109200 0 1000 655 32 0 272 40 
110400 0 1000 641 35 0 286 38 
111600 0 1000 640 22 0 287 51 
112800 0 1000 642 31 0 281 45 
114000 0 1000 626 40 0 278 55 
115200 0 1000 643 32 0 273 51 
116400 0 1000 639 32 0 283 45 
117600 0 1000 651 34 0 283 31 
118800 0 1000 647 40 0 274 38 
