0 0 0 0 0 0 0 0 
1200 0 1000 559 19 0 421 0 
2400 0 1000 529 15 0 455 0 
3600 0 1000 539 14 0 446 0 
4800 0 1000 543 16 0 441 0 
6000 0 1000 561 23 0 416 0 
7200 0 1000 565 23 0 411 0 
8400 0 1000 543 18 0 439 0 
9600 0 1000 532 17 0 450 0 
10800 0 1000 537 21 0 442 0 
12000 0 1000 536 25 0 438 0 
13200 0 1000 555 21 0 424 0 
14400 0 1000 568 18 0 414 0 
15600 0 1000 561 9 0 430 0 
16800 0 1000 537 20 0 442 0 
18000 0 1000 528 16 0 426 29 
19200 0 1000 531 18 0 428 23 
20400 0 1000 508 13 0 457 22 
21600 0 1000 529 18 0 427 26 
22800 0 1000 526 12 0 432 30 
24000 0 1000 524 13 0 429 34 
25200 0 1000 510 11 0 447 32 
26400 0 1000 529 11 0 431 29 
27600 0 1000 540 12 0 434 14 
28800 0 1000 536 15 0 440 9 
30000 0 1000 537 14 0 403 46 
31200 0 1000 509 11 0 459 21 
32400 0 1000 538 7 0 421 34 
33600 0 1000 510 13 0 452 25 
34800 0 1000 521 10 0 442 27 
36000 0 1000 515 14 0 450 21 
37200 0 1000 523 13 0 446 18 
38400 0 1000 515 18 0 448 19 
39600 0 1000 507 9 0 454 30 
40800 0 1000 516 10 0 455 19 
42000 0 1000 523 9 0 446 22 
43200 0 1000 496 7 0 459 38 
44400 0 1000 499 7 0 459 35 
45600 0 1000 501 9 0 473 17 
46800 0 1000 506 12 0 469 13 
48000 0 1000 541 8 0 434 17 
49200 0 1000 530 11 0 435 24 
50400 0 1000 520 8 0 466 6 
51600 0 1000 516 10 0 454 20 
52800 0 1000 506 5 0 465 24 
54000 0 1000 501 6 0 480 13 
55200 0 1000 494 6 0 484 16 
56400 0 1000 521 8 0 444 27 
57600 0 1000 504 6 0 469 21 
58800 0 1000 501 7 0 468 24 
60000 0 1000 525 7 0 447 21 
61200 0 1000 508 10 0 463 19 
62400 0 1000 474 7 0 495 24 
63600 0 1000 510 9 0 450 31 
64800 0 1000 513 12 0 457 18 
66000 0 1000 498 6 0 474 22 
67200 0 1000 505 8 0 460 27 
68400 0 1000 510 3 0 467 20 
69600 0 1000 503 1 0 473 23 
70800 0 1000 484 5 0 501 10 
72000 0 1000 491 3 0 492 14 
73200 0 1000 491 6 0 476 27 
74400 0 1000 495 7 0 487 11 
75600 0 1000 542 7 0 442 9 
76800 0 1000 489 6 0 479 26 
78000 0 1000 505 5 0 471 19 
79200 0 1000 502 6 0 477 15 
80400 0 1000 526 4 0 448 22 
81600 0 1000 518 3 0 463 16 
82800 0 1000 500 7 0 479 14 
84000 0 1000 529 7 0 447 17 
85200 0 1000 514 4 0 466 16 
86400 0 1000 514 6 0 471 9 
87600 0 1000 489 6 0 489 16 
88800 0 1000 500 4 0 472 24 
90000 0 1000 496 6 0 462 36 
91200 0 1000 482 5 0 482 31 
92400 0 1000 519 8 0 453 20 
93600 0 1000 510 4 0 470 16 
94800 0 1000 513 4 0 456 27 
96000 0 1000 509 6 0 465 20 
97200 0 1000 516 0 0 471 13 
98400 0 1000 492 5 0 493 10 
99600 0 1000 492 3 0 493 12 
100800 0 1000 508 4 0 469 19 
102000 0 1000 516 2 0 473 9 
103200 0 1000 488 7 0 488 17 
104400 0 1000 496 5 0 485 14 
105600 0 1000 506 4 0 478 12 
106800 0 1000 496 2 0 485 17 
108000 0 1000 491 3 0 497 9 
109200 0 1000 527 3 0 451 19 
110400 0 1000 499 6 0 489 6 
111600 0 1000 486 5 0 491 18 
112800 0 1000 500 4 0 479 17 
114000 0 1000 479 1 0 508 12 
115200 0 1000 505 5 0 473 17 
116400 0 1000 508 8 0 471 13 
117600 0 1000 514 2 0 470 14 
118800 0 1000 470 1 0 508 21 
