0 0 0 0 0 0 0 0 
1200 0 1000 557 15 0 427 0 
2400 0 1000 550 20 0 429 0 
3600 0 1000 560 17 0 422 0 
4800 0 1000 538 20 0 442 0 
6000 0 1000 554 12 0 434 0 
7200 0 1000 554 11 0 435 0 
8400 0 1000 519 27 0 454 0 
9600 0 1000 556 11 0 432 0 
10800 0 1000 558 17 0 424 0 
12000 0 1000 535 10 0 455 0 
13200 0 1000 540 22 0 437 0 
14400 0 1000 558 13 0 428 0 
15600 0 1000 551 10 0 438 0 
16800 0 1000 535 12 0 453 0 
18000 0 1000 517 23 0 433 27 
19200 0 1000 539 15 0 431 15 
20400 0 1000 538 18 0 424 20 
21600 0 1000 507 26 0 446 21 
22800 0 1000 525 13 0 423 39 
24000 0 1000 537 19 0 415 29 
25200 0 1000 513 8 0 444 35 
26400 0 1000 527 10 0 444 19 
27600 0 1000 536 18 0 432 14 
28800 0 1000 532 17 0 427 24 
30000 0 1000 528 15 0 421 36 
31200 0 1000 516 12 0 458 14 
32400 0 1000 538 12 0 421 28 
33600 0 1000 498 19 0 457 26 
34800 0 1000 522 13 0 439 26 
36000 0 1000 502 9 0 465 24 
37200 0 1000 523 10 0 457 10 
38400 0 1000 519 6 0 444 31 
39600 0 1000 515 14 0 451 20 
40800 0 1000 516 11 0 444 29 
42000 0 1000 501 12 0 460 27 
43200 0 1000 512 13 0 430 45 
44400 0 1000 526 8 0 440 26 
45600 0 1000 500 11 0 475 14 
46800 0 1000 534 5 0 447 14 
48000 0 1000 516 8 0 449 27 
49200 0 1000 497 13 0 465 25 
50400 0 1000 518 8 0 459 15 
51600 0 1000 504 9 0 473 14 
52800 0 1000 508 7 0 468 17 
54000 0 1000 498 7 0 477 18 
55200 0 1000 497 10 0 475 18 
56400 0 1000 509 9 0 465 17 
57600 0 1000 489 9 0 485 17 
58800 0 1000 496 9 0 469 26 
60000 0 1000 499 10 0 468 23 
61200 0 1000 531 9 0 446 14 
62400 0 1000 507 6 0 473 14 
63600 0 1000 534 10 0 439 17 
64800 0 1000 493 7 0 481 19 
66000 0 1000 492 6 0 490 12 
67200 0 1000 510 12 0 449 29 
68400 0 1000 485 6 0 491 18 
69600 0 1000 509 3 0 469 19 
70800 0 1000 493 12 0 474 21 
72000 0 1000 497 11 0 474 18 
73200 0 1000 498 9 0 469 24 
74400 0 1000 517 8 0 465 10 
75600 0 1000 510 5 0 468 17 
76800 0 1000 498 7 0 476 19 
78000 0 1000 519 5 0 453 23 
79200 0 1000 495 6 0 476 23 
80400 0 1000 528 4 0 458 10 
81600 0 1000 503 5 0 459 33 
82800 0 1000 503 4 0 472 21 
84000 0 1000 480 6 0 494 20 
85200 0 1000 510 5 0 464 21 
86400 0 1000 505 6 0 464 25 
87600 0 1000 502 5 0 480 13 
88800 0 1000 489 6 0 480 25 
90000 0 1000 470 8 0 503 19 
91200 0 1000 490 5 0 494 11 
92400 0 1000 512 8 0 456 24 
93600 0 1000 509 6 0 463 22 
94800 0 1000 506 3 0 453 38 
96000 0 1000 510 5 0 468 17 
97200 0 1000 503 7 0 477 13 
98400 0 1000 487 5 0 490 18 
99600 0 1000 491 5 0 483 21 
100800 0 1000 496 8 0 487 9 
102000 0 1000 488 4 0 493 15 
103200 0 1000 490 5 0 491 14 
104400 0 1000 484 3 0 500 13 
105600 0 1000 490 4 0 491 15 
106800 0 1000 486 3 0 486 25 
108000 0 1000 499 5 0 489 7 
109200 0 1000 504 5 0 478 13 
110400 0 1000 506 3 0 481 10 
111600 0 1000 476 7 0 502 15 
112800 0 1000 486 2 0 495 17 
114000 0 1000 471 4 0 516 9 
115200 0 1000 499 4 0 486 11 
116400 0 1000 491 3 0 493 13 
117600 0 1000 504 5 0 477 14 
118800 0 1000 475 2 0 505 18 
