0 0 0 0 0 0 0 0 
1200 0 1000 519 12 0 469 0 
2400 0 1000 538 23 0 439 0 
3600 0 1000 535 14 0 450 0 
4800 0 1000 520 19 0 461 0 
6000 0 1000 544 19 0 436 0 
7200 0 1000 548 17 0 434 0 
8400 0 1000 570 10 0 419 0 
9600 0 1000 561 13 0 425 0 
10800 0 1000 548 25 0 427 0 
12000 0 1000 569 16 0 415 0 
13200 0 1000 543 21 0 435 0 
14400 0 1000 553 19 0 428 0 
15600 0 1000 565 22 0 413 0 
16800 0 1000 554 16 0 429 0 
18000 0 1000 494 14 0 452 40 
19200 0 1000 507 9 0 432 52 
20400 0 1000 504 21 0 414 60 
21600 0 1000 515 17 0 433 35 
22800 0 1000 510 16 0 404 69 
24000 0 1000 518 12 0 408 62 
25200 0 1000 548 13 0 391 47 
26400 0 1000 548 20 0 394 37 
27600 0 1000 526 30 0 407 37 
28800 0 1000 541 20 0 399 40 
30000 0 1000 527 22 0 412 39 
31200 0 1000 535 17 0 396 51 
32400 0 1000 545 13 0 385 56 
33600 0 1000 535 24 0 390 51 
34800 0 1000 534 17 0 388 60 
36000 0 1000 542 21 0 382 55 
37200 0 1000 542 14 0 380 63 
38400 0 1000 542 16 0 389 52 
39600 0 1000 570 20 0 364 46 
40800 0 1000 541 18 0 385 56 
42000 0 1000 549 37 0 350 63 
43200 0 1000 555 17 0 347 80 
44400 0 1000 573 16 0 362 49 
45600 0 1000 558 24 0 346 71 
46800 0 1000 572 23 0 334 70 
48000 0 1000 589 13 0 343 54 
49200 0 1000 585 13 0 331 71 
50400 0 1000 578 30 0 357 34 
51600 0 1000 572 31 0 353 43 
52800 0 1000 551 22 0 357 69 
54000 0 1000 590 25 0 325 59 
55200 0 1000 562 23 0 344 70 
56400 0 1000 583 30 0 311 75 
57600 0 1000 580 22 0 342 55 
58800 0 1000 558 22 0 352 67 
60000 0 1000 593 22 0 306 79 
61200 0 1000 598 15 0 323 63 
62400 0 1000 605 25 0 319 50 
63600 0 1000 602 32 0 305 61 
64800 0 1000 603 20 0 315 61 
66000 0 1000 607 25 0 305 63 
67200 0 1000 598 35 0 296 71 
68400 0 1000 596 27 0 292 84 
69600 0 1000 590 28 0 309 72 
70800 0 1000 597 35 0 301 66 
72000 0 1000 609 28 0 297 65 
73200 0 1000 606 35 0 285 73 
74400 0 1000 637 28 0 276 59 
75600 0 1000 607 28 0 298 66 
76800 0 1000 623 22 0 285 69 
78000 0 1000 623 21 0 286 70 
79200 0 1000 637 43 0 253 66 
80400 0 1000 633 26 0 276 64 
81600 0 1000 609 35 0 271 84 
82800 0 1000 622 29 0 283 66 
84000 0 1000 646 32 0 264 57 
85200 0 1000 662 28 0 252 58 
86400 0 1000 654 28 0 260 57 
87600 0 1000 624 39 0 277 59 
88800 0 1000 649 22 0 262 66 
90000 0 1000 629 30 0 265 75 
91200 0 1000 656 36 0 241 67 
92400 0 1000 638 33 0 244 84 
93600 0 1000 659 31 0 249 61 
94800 0 1000 663 32 0 238 66 
96000 0 1000 653 35 0 247 64 
97200 0 1000 645 36 0 251 67 
98400 0 1000 636 34 0 264 65 
99600 0 1000 653 36 0 237 73 
100800 0 1000 638 42 0 248 71 
102000 0 1000 636 50 0 249 65 
103200 0 1000 651 43 0 235 70 
104400 0 1000 675 37 0 224 63 
105600 0 1000 645 42 0 227 85 
106800 0 1000 652 32 0 226 90 
108000 0 1000 655 39 0 231 74 
109200 0 1000 650 41 0 238 71 
110400 0 1000 667 33 0 227 73 
111600 0 1000 664 29 0 221 86 
112800 0 1000 655 31 0 221 93 
114000 0 1000 650 34 0 237 78 
115200 0 1000 658 34 0 225 82 
116400 0 1000 667 39 0 212 81 
117600 0 1000 673 29 0 228 69 
118800 0 1000 662 33 0 220 85 
