0 0 0 0 0 0 0 0 
1200 0 1000 550 20 0 429 0 
2400 0 1000 530 17 0 452 0 
3600 0 1000 544 14 0 441 0 
4800 0 1000 555 20 0 425 0 
6000 0 1000 544 11 0 444 0 
7200 0 1000 552 16 0 432 0 
8400 0 1000 565 14 0 421 0 
9600 0 1000 542 7 0 451 0 
10800 0 1000 544 18 0 438 0 
12000 0 1000 551 12 0 436 0 
13200 0 1000 554 16 0 430 0 
14400 0 1000 550 12 0 438 0 
15600 0 1000 549 22 0 429 0 
16800 0 1000 547 19 0 433 0 
18000 0 1000 507 14 0 445 34 
19200 0 1000 505 17 0 464 13 
20400 0 1000 542 22 0 417 19 
21600 0 1000 507 22 0 452 19 
22800 0 1000 511 21 0 438 29 
24000 0 1000 530 15 0 428 27 
25200 0 1000 546 20 0 409 25 
26400 0 1000 523 21 0 434 21 
27600 0 1000 544 17 0 426 12 
28800 0 1000 571 17 0 392 20 
30000 0 1000 535 17 0 407 41 
31200 0 1000 557 20 0 410 12 
32400 0 1000 539 14 0 424 22 
33600 0 1000 528 18 0 411 43 
34800 0 1000 525 16 0 439 20 
36000 0 1000 567 20 0 381 32 
37200 0 1000 548 16 0 411 25 
38400 0 1000 563 18 0 394 25 
39600 0 1000 563 18 0 399 20 
40800 0 1000 543 17 0 419 21 
42000 0 1000 557 19 0 394 29 
43200 0 1000 543 19 0 399 38 
44400 0 1000 574 25 0 383 18 
45600 0 1000 565 16 0 393 25 
46800 0 1000 566 17 0 383 34 
48000 0 1000 561 29 0 388 22 
49200 0 1000 559 25 0 381 34 
50400 0 1000 554 22 0 394 29 
51600 0 1000 567 20 0 381 31 
52800 0 1000 544 18 0 398 39 
54000 0 1000 552 21 0 396 30 
55200 0 1000 580 20 0 375 25 
56400 0 1000 558 22 0 378 41 
57600 0 1000 546 33 0 392 29 
58800 0 1000 576 20 0 369 35 
60000 0 1000 561 23 0 367 48 
61200 0 1000 587 21 0 366 25 
62400 0 1000 594 30 0 342 34 
63600 0 1000 572 27 0 376 24 
64800 0 1000 579 22 0 369 30 
66000 0 1000 603 26 0 343 28 
67200 0 1000 595 27 0 340 37 
68400 0 1000 609 24 0 340 26 
69600 0 1000 603 25 0 333 39 
70800 0 1000 579 28 0 357 36 
72000 0 1000 603 19 0 343 34 
73200 0 1000 602 25 0 338 34 
74400 0 1000 594 18 0 358 29 
75600 0 1000 596 28 0 331 44 
76800 0 1000 582 31 0 347 39 
78000 0 1000 618 18 0 325 38 
79200 0 1000 590 21 0 347 41 
80400 0 1000 618 25 0 336 20 
81600 0 1000 583 20 0 346 50 
82800 0 1000 614 22 0 329 34 
84000 0 1000 617 24 0 337 21 
85200 0 1000 617 21 0 331 30 
86400 0 1000 626 19 0 332 23 
87600 0 1000 612 29 0 322 36 
88800 0 1000 609 23 0 329 38 
90000 0 1000 603 20 0 337 39 
91200 0 1000 615 39 0 314 32 
92400 0 1000 620 24 0 319 36 
93600 0 1000 614 21 0 311 54 
94800 0 1000 635 25 0 301 38 
96000 0 1000 635 28 0 303 33 
97200 0 1000 619 24 0 320 36 
98400 0 1000 630 35 0 300 34 
99600 0 1000 645 32 0 292 30 
100800 0 1000 628 26 0 296 49 
102000 0 1000 649 38 0 291 21 
103200 0 1000 643 27 0 287 43 
104400 0 1000 636 30 0 308 25 
105600 0 1000 640 30 0 281 48 
106800 0 1000 623 33 0 297 46 
108000 0 1000 648 29 0 302 20 
109200 0 1000 663 23 0 281 32 
110400 0 1000 652 33 0 290 25 
111600 0 1000 618 22 0 301 59 
112800 0 1000 631 23 0 292 53 
114000 0 1000 622 38 0 297 42 
115200 0 1000 653 29 0 264 53 
116400 0 1000 664 31 0 267 37 
117600 0 1000 645 21 0 303 30 
118800 0 1000 647 36 0 268 48 
