0 0.000000 0.000000
1200 1000.000000 531.000000
2400 1000.000000 531.000000
3600 1000.000000 543.000000
4800 1000.000000 535.000000
6000 1000.000000 566.000000
7200 1000.000000 538.000000
8400 1000.000000 548.000000
9600 1000.000000 534.000000
10800 1000.000000 553.000000
12000 1000.000000 542.000000
13200 1000.000000 561.000000
14400 1000.000000 546.000000
15600 1000.000000 544.000000
16800 1000.000000 546.000000
18000 1000.000000 518.000000
19200 1000.000000 506.000000
20400 1000.000000 536.000000
21600 1000.000000 539.000000
22800 1000.000000 534.000000
24000 1000.000000 529.000000
25200 1000.000000 530.000000
26400 1000.000000 524.000000
27600 1000.000000 551.000000
28800 1000.000000 531.000000
30000 1000.000000 530.000000
31200 1000.000000 561.000000
32400 1000.000000 547.000000
33600 1000.000000 543.000000
34800 1000.000000 541.000000
36000 1000.000000 558.000000
37200 1000.000000 529.000000
38400 1000.000000 548.000000
39600 1000.000000 547.000000
40800 1000.000000 542.000000
42000 1000.000000 554.000000
43200 1000.000000 556.000000
44400 1000.000000 557.000000
45600 1000.000000 540.000000
46800 1000.000000 568.000000
48000 1000.000000 578.000000
49200 1000.000000 583.000000
50400 1000.000000 580.000000
51600 1000.000000 576.000000
52800 1000.000000 552.000000
54000 1000.000000 564.000000
55200 1000.000000 587.000000
56400 1000.000000 570.000000
57600 1000.000000 570.000000
58800 1000.000000 579.000000
60000 1000.000000 590.000000
61200 1000.000000 592.000000
62400 1000.000000 603.000000
63600 1000.000000 600.000000
64800 1000.000000 610.000000
66000 1000.000000 581.000000
67200 1000.000000 593.000000
68400 1000.000000 592.000000
69600 1000.000000 602.000000
70800 1000.000000 594.000000
72000 1000.000000 626.000000
73200 1000.000000 598.000000
74400 1000.000000 610.000000
75600 1000.000000 615.000000
76800 1000.000000 604.000000
78000 1000.000000 614.000000
79200 1000.000000 603.000000
80400 1000.000000 628.000000
81600 1000.000000 607.000000
82800 1000.000000 639.000000
84000 1000.000000 634.000000
85200 1000.000000 644.000000
86400 1000.000000 640.000000
87600 1000.000000 621.000000
88800 1000.000000 622.000000
90000 1000.000000 634.000000
91200 1000.000000 641.000000
92400 1000.000000 622.000000
93600 1000.000000 634.000000
94800 1000.000000 642.000000
96000 1000.000000 665.000000
97200 1000.000000 643.000000
98400 1000.000000 665.000000
99600 1000.000000 641.000000
100800 1000.000000 651.000000
102000 1000.000000 638.000000
103200 1000.000000 641.000000
104400 1000.000000 655.000000
105600 1000.000000 643.000000
106800 1000.000000 649.000000
108000 1000.000000 659.000000
109200 1000.000000 650.000000
110400 1000.000000 640.000000
111600 1000.000000 654.000000
112800 1000.000000 650.000000
114000 1000.000000 666.000000
115200 1000.000000 650.000000
116400 1000.000000 668.000000
117600 1000.000000 639.000000
118800 1000.000000 665.000000
