0 0 0 0 0 0 0 0 
1200 0 1000 531 15 0 453 0 
2400 0 1000 531 23 0 446 0 
3600 0 1000 543 18 0 439 0 
4800 0 1000 535 16 0 448 0 
6000 0 1000 566 7 0 427 0 
7200 0 1000 538 17 0 444 0 
8400 0 1000 548 16 0 435 0 
9600 0 1000 534 30 0 435 0 
10800 0 1000 553 14 0 433 0 
12000 0 1000 542 17 0 441 0 
13200 0 1000 561 21 0 418 0 
14400 0 1000 546 10 0 443 0 
15600 0 1000 544 21 0 434 0 
16800 0 1000 546 21 0 433 0 
18000 0 1000 518 17 0 419 46 
19200 0 1000 506 18 0 455 21 
20400 0 1000 536 12 0 406 46 
21600 0 1000 539 18 0 406 36 
22800 0 1000 534 15 0 404 46 
24000 0 1000 529 15 0 419 37 
25200 0 1000 530 20 0 408 42 
26400 0 1000 524 20 0 417 39 
27600 0 1000 551 24 0 402 22 
28800 0 1000 531 19 0 417 33 
30000 0 1000 530 15 0 417 38 
31200 0 1000 561 18 0 398 23 
32400 0 1000 547 14 0 387 51 
33600 0 1000 543 18 0 395 43 
34800 0 1000 541 25 0 401 32 
36000 0 1000 558 25 0 382 35 
37200 0 1000 529 16 0 412 42 
38400 0 1000 548 17 0 385 50 
39600 0 1000 547 17 0 402 34 
40800 0 1000 542 27 0 388 42 
42000 0 1000 554 24 0 380 42 
43200 0 1000 556 19 0 368 57 
44400 0 1000 557 20 0 397 25 
45600 0 1000 540 20 0 379 60 
46800 0 1000 568 18 0 368 46 
48000 0 1000 578 25 0 346 50 
49200 0 1000 583 22 0 360 34 
50400 0 1000 580 24 0 367 28 
51600 0 1000 576 29 0 362 32 
52800 0 1000 552 30 0 379 38 
54000 0 1000 564 28 0 374 33 
55200 0 1000 587 25 0 340 47 
56400 0 1000 570 20 0 343 66 
57600 0 1000 570 23 0 359 47 
58800 0 1000 579 17 0 360 43 
60000 0 1000 590 19 0 333 57 
61200 0 1000 592 24 0 338 45 
62400 0 1000 603 30 0 324 43 
63600 0 1000 600 21 0 335 43 
64800 0 1000 610 21 0 322 46 
66000 0 1000 581 22 0 346 50 
67200 0 1000 593 19 0 332 55 
68400 0 1000 592 23 0 335 49 
69600 0 1000 602 18 0 332 47 
70800 0 1000 594 24 0 337 44 
72000 0 1000 626 27 0 314 32 
73200 0 1000 598 19 0 323 59 
74400 0 1000 610 22 0 331 36 
75600 0 1000 615 30 0 302 52 
76800 0 1000 604 22 0 318 55 
78000 0 1000 614 32 0 303 50 
79200 0 1000 603 36 0 317 43 
80400 0 1000 628 29 0 301 41 
81600 0 1000 607 21 0 309 62 
82800 0 1000 639 13 0 283 64 
84000 0 1000 634 19 0 294 52 
85200 0 1000 644 31 0 279 45 
86400 0 1000 640 29 0 261 69 
87600 0 1000 621 32 0 297 49 
88800 0 1000 622 37 0 297 43 
90000 0 1000 634 27 0 282 56 
91200 0 1000 641 37 0 281 41 
92400 0 1000 622 34 0 289 54 
93600 0 1000 634 39 0 282 44 
94800 0 1000 642 31 0 275 51 
96000 0 1000 665 27 0 271 36 
97200 0 1000 643 23 0 274 59 
98400 0 1000 665 28 0 269 37 
99600 0 1000 641 35 0 279 44 
100800 0 1000 651 38 0 260 50 
102000 0 1000 638 34 0 288 39 
103200 0 1000 641 36 0 274 48 
104400 0 1000 655 28 0 259 57 
105600 0 1000 643 35 0 269 52 
106800 0 1000 649 33 0 270 47 
108000 0 1000 659 31 0 263 46 
109200 0 1000 650 30 0 267 52 
110400 0 1000 640 42 0 264 53 
111600 0 1000 654 30 0 262 53 
112800 0 1000 650 41 0 243 65 
114000 0 1000 666 38 0 237 58 
115200 0 1000 650 36 0 257 56 
116400 0 1000 668 33 0 240 58 
117600 0 1000 639 32 0 265 63 
118800 0 1000 665 28 0 248 58 
