0 0.000000 0.000000
1200 2000.000000 1400.000000
2400 2000.000000 1407.000000
3600 2000.000000 1419.000000
4800 2000.000000 1383.000000
6000 2000.000000 1392.000000
7200 2000.000000 1406.000000
8400 2000.000000 1389.000000
9600 2000.000000 1408.000000
10800 2000.000000 1417.000000
12000 2000.000000 1394.000000
13200 2000.000000 1385.000000
14400 2000.000000 1427.000000
15600 2000.000000 1406.000000
16800 2000.000000 1407.000000
18000 2000.000000 1392.000000
19200 2000.000000 1394.000000
20400 2000.000000 1396.000000
21600 2000.000000 1378.000000
22800 2000.000000 1394.000000
24000 2000.000000 1402.000000
25200 2000.000000 1403.000000
26400 2000.000000 1411.000000
27600 2000.000000 1385.000000
28800 2000.000000 1411.000000
30000 2000.000000 1399.000000
31200 2000.000000 1383.000000
32400 2000.000000 1399.000000
33600 2000.000000 1385.000000
34800 2000.000000 1371.000000
36000 2000.000000 1391.000000
37200 2000.000000 1383.000000
38400 2000.000000 1380.000000
39600 2000.000000 1381.000000
40800 2000.000000 1382.000000
42000 2000.000000 1377.000000
43200 2000.000000 1350.000000
44400 2000.000000 1402.000000
45600 2000.000000 1368.000000
46800 2000.000000 1382.000000
48000 2000.000000 1354.000000
49200 2000.000000 1382.000000
50400 2000.000000 1364.000000
51600 2000.000000 1368.000000
52800 2000.000000 1387.000000
54000 2000.000000 1382.000000
55200 2000.000000 1384.000000
56400 2000.000000 1378.000000
57600 2000.000000 1381.000000
58800 2000.000000 1389.000000
60000 2000.000000 1386.000000
61200 2000.000000 1371.000000
62400 2000.000000 1371.000000
63600 2000.000000 1380.000000
64800 2000.000000 1365.000000
66000 2000.000000 1378.000000
67200 2000.000000 1354.000000
68400 2000.000000 1369.000000
69600 2000.000000 1366.000000
70800 2000.000000 1370.000000
72000 2000.000000 1363.000000
73200 2000.000000 1352.000000
74400 2000.000000 1360.000000
75600 2000.000000 1360.000000
76800 2000.000000 1349.000000
78000 2000.000000 1365.000000
79200 2000.000000 1358.000000
80400 2000.000000 1358.000000
81600 2000.000000 1357.000000
82800 2000.000000 1363.000000
84000 2000.000000 1365.000000
85200 2000.000000 1359.000000
86400 2000.000000 1355.000000
87600 2000.000000 1363.000000
88800 2000.000000 1344.000000
90000 2000.000000 1355.000000
91200 2000.000000 1369.000000
92400 2000.000000 1354.000000
93600 2000.000000 1365.000000
94800 2000.000000 1338.000000
96000 2000.000000 1344.000000
97200 2000.000000 1347.000000
98400 2000.000000 1335.000000
99600 2000.000000 1343.000000
100800 2000.000000 1360.000000
102000 2000.000000 1338.000000
103200 2000.000000 1343.000000
104400 2000.000000 1347.000000
105600 2000.000000 1353.000000
106800 2000.000000 1321.000000
108000 2000.000000 1347.000000
109200 2000.000000 1340.000000
110400 2000.000000 1348.000000
111600 2000.000000 1335.000000
112800 2000.000000 1351.000000
114000 2000.000000 1352.000000
115200 2000.000000 1352.000000
116400 2000.000000 1337.000000
117600 2000.000000 1329.000000
118800 2000.000000 1364.000000
