0 0 0 0 0 0 0 0 
0 1 0 0 0 0 0 0 
0 2 0 0 0 0 0 0 
0 3 0 0 0 0 0 0 
0 4 0 0 0 0 0 0 
0 5 0 0 0 0 0 0 
0 6 0 0 0 0 0 0 
1200 0 2000 1206 94 0 699 0 
1200 1 2000 255 1 0 1743 0 
1200 2 2000 119 3 0 1878 0 
1200 3 2000 371 3 0 1626 0 
1200 4 2000 139 1 0 1860 0 
1200 5 2000 498 13 0 1489 0 
1200 6 2000 271 5 0 1723 0 
2400 0 2000 1220 102 0 676 0 
2400 1 2000 244 4 0 1751 0 
2400 2 2000 127 1 0 1872 0 
2400 3 2000 373 11 0 1615 0 
2400 4 2000 138 2 0 1859 0 
2400 5 2000 490 14 0 1495 0 
2400 6 2000 271 0 0 1728 0 
3600 0 2000 1236 85 0 677 0 
3600 1 2000 240 3 0 1756 0 
3600 2 2000 125 1 0 1874 0 
3600 3 2000 371 5 0 1623 0 
3600 4 2000 135 2 0 1862 0 
3600 5 2000 506 19 0 1473 0 
3600 6 2000 268 4 0 1727 0 
4800 0 2000 1186 100 0 714 0 
4800 1 2000 247 3 0 1750 0 
4800 2 2000 121 0 0 1879 0 
4800 3 2000 352 7 0 1641 0 
4800 4 2000 138 3 0 1859 0 
4800 5 2000 506 10 0 1484 0 
4800 6 2000 279 2 0 1719 0 
6000 0 2000 1207 95 0 697 0 
6000 1 2000 249 5 0 1746 0 
6000 2 2000 140 3 0 1857 0 
6000 3 2000 361 16 0 1622 0 
6000 4 2000 132 4 0 1863 0 
6000 5 2000 501 25 0 1473 0 
6000 6 2000 278 2 0 1720 0 
7200 0 2000 1214 98 0 688 0 
7200 1 2000 234 4 0 1762 0 
7200 2 2000 125 1 0 1874 0 
7200 3 2000 367 12 0 1621 0 
7200 4 2000 133 5 0 1862 0 
7200 5 2000 504 19 0 1477 0 
7200 6 2000 262 4 0 1734 0 
8400 0 2000 1186 106 0 706 0 
8400 1 2000 252 4 0 1744 0 
8400 2 2000 122 1 0 1877 0 
8400 3 2000 358 9 0 1632 0 
8400 4 2000 147 2 0 1849 0 
8400 5 2000 501 17 0 1482 0 
8400 6 2000 267 5 0 1728 0 
9600 0 2000 1214 80 0 705 0 
9600 1 2000 241 1 0 1758 0 
9600 2 2000 136 0 0 1864 0 
9600 3 2000 340 9 0 1651 0 
9600 4 2000 153 2 0 1845 0 
9600 5 2000 508 17 0 1475 0 
9600 6 2000 253 3 0 1744 0 
10800 0 2000 1226 93 0 680 0 
10800 1 2000 246 3 0 1751 0 
10800 2 2000 125 2 0 1873 0 
10800 3 2000 366 3 0 1631 0 
10800 4 2000 137 3 0 1859 0 
10800 5 2000 499 13 0 1487 0 
10800 6 2000 277 4 0 1719 0 
12000 0 2000 1212 104 0 684 0 
12000 1 2000 251 2 0 1747 0 
12000 2 2000 130 1 0 1869 0 
12000 3 2000 342 11 0 1647 0 
12000 4 2000 140 2 0 1858 0 
12000 5 2000 495 23 0 1482 0 
12000 6 2000 262 5 0 1733 0 
13200 0 2000 1188 93 0 718 0 
13200 1 2000 248 4 0 1747 0 
13200 2 2000 129 0 0 1871 0 
13200 3 2000 338 6 0 1656 0 
13200 4 2000 134 1 0 1865 0 
13200 5 2000 525 11 0 1464 0 
13200 6 2000 261 7 0 1731 0 
14400 0 2000 1230 82 0 688 0 
14400 1 2000 255 3 0 1742 0 
14400 2 2000 139 0 0 1861 0 
14400 3 2000 360 9 0 1631 0 
14400 4 2000 143 3 0 1854 0 
14400 5 2000 504 18 0 1478 0 
14400 6 2000 273 6 0 1721 0 
15600 0 2000 1223 93 0 683 0 
15600 1 2000 239 5 0 1755 0 
15600 2 2000 119 1 0 1880 0 
15600 3 2000 356 9 0 1635 0 
15600 4 2000 145 1 0 1854 0 
15600 5 2000 483 23 0 1494 0 
15600 6 2000 260 4 0 1735 0 
16800 0 2000 1208 100 0 691 0 
16800 1 2000 259 3 0 1737 0 
16800 2 2000 120 2 0 1878 0 
16800 3 2000 368 12 0 1620 0 
16800 4 2000 136 1 0 1863 0 
16800 5 2000 501 20 0 1478 0 
16800 6 2000 250 4 0 1745 0 
18000 0 2000 1174 102 0 654 69 
18000 1 2000 251 5 0 1736 8 
18000 2 2000 125 1 0 1871 3 
18000 3 2000 354 10 0 1634 2 
18000 4 2000 138 2 0 1860 0 
18000 5 2000 505 13 0 1467 15 
18000 6 2000 283 4 0 1712 1 
19200 0 2000 1182 97 0 674 46 
19200 1 2000 239 3 0 1755 3 
19200 2 2000 121 0 0 1876 3 
19200 3 2000 359 4 0 1630 7 
19200 4 2000 142 1 0 1856 0 
19200 5 2000 516 16 0 1459 8 
19200 6 2000 265 3 0 1730 2 
20400 0 2000 1173 76 0 677 72 
20400 1 2000 230 2 0 1761 6 
20400 2 2000 117 1 0 1878 4 
20400 3 2000 345 9 0 1626 19 
20400 4 2000 124 2 0 1871 2 
20400 5 2000 471 19 0 1491 19 
20400 6 2000 246 3 0 1739 11 
21600 0 2000 1174 71 0 696 58 
21600 1 2000 235 4 0 1752 8 
21600 2 2000 124 0 0 1869 7 
21600 3 2000 349 8 0 1636 7 
21600 4 2000 124 1 0 1874 1 
21600 5 2000 473 15 0 1500 11 
21600 6 2000 253 5 0 1730 11 
22800 0 2000 1176 97 0 681 46 
22800 1 2000 231 2 0 1763 4 
22800 2 2000 121 3 0 1871 5 
22800 3 2000 345 5 0 1641 9 
22800 4 2000 134 2 0 1864 0 
22800 5 2000 501 15 0 1476 8 
22800 6 2000 261 4 0 1725 10 
24000 0 2000 1161 83 0 714 42 
24000 1 2000 216 5 0 1773 6 
24000 2 2000 118 2 0 1875 5 
24000 3 2000 337 8 0 1648 7 
24000 4 2000 122 2 0 1876 0 
24000 5 2000 484 8 0 1496 12 
24000 6 2000 259 3 0 1721 17 
25200 0 2000 1179 75 0 685 60 
25200 1 2000 231 2 0 1764 3 
25200 2 2000 111 1 0 1888 0 
25200 3 2000 335 7 0 1632 26 
25200 4 2000 122 1 0 1874 2 
25200 5 2000 476 10 0 1507 7 
25200 6 2000 252 5 0 1739 4 
26400 0 2000 1196 75 0 678 50 
26400 1 2000 215 1 0 1778 5 
26400 2 2000 119 1 0 1878 2 
26400 3 2000 314 2 0 1680 4 
26400 4 2000 121 0 0 1875 4 
26400 5 2000 463 9 0 1521 6 
26400 6 2000 251 3 0 1743 2 
27600 0 2000 1162 77 0 701 58 
27600 1 2000 225 7 0 1764 3 
27600 2 2000 115 0 0 1878 7 
27600 3 2000 320 5 0 1675 0 
27600 4 2000 119 0 0 1880 0 
27600 5 2000 452 11 0 1517 19 
27600 6 2000 246 5 0 1742 6 
28800 0 2000 1203 64 0 676 56 
28800 1 2000 207 3 0 1787 2 
28800 2 2000 102 1 0 1892 5 
28800 3 2000 321 5 0 1669 5 
28800 4 2000 121 2 0 1875 2 
28800 5 2000 453 10 0 1522 14 
28800 6 2000 237 2 0 1748 12 
30000 0 2000 1181 61 0 694 64 
30000 1 2000 207 4 0 1777 12 
30000 2 2000 104 1 0 1892 3 
30000 3 2000 312 5 0 1668 15 
30000 4 2000 120 0 0 1877 3 
30000 5 2000 444 11 0 1524 21 
30000 6 2000 228 2 0 1766 4 
31200 0 2000 1165 76 0 706 53 
31200 1 2000 201 3 0 1795 1 
31200 2 2000 111 1 0 1887 1 
31200 3 2000 315 5 0 1677 3 
31200 4 2000 124 1 0 1873 2 
31200 5 2000 452 13 0 1519 16 
31200 6 2000 248 2 0 1750 0 
32400 0 2000 1191 66 0 702 41 
32400 1 2000 210 1 0 1786 3 
32400 2 2000 115 0 0 1882 3 
32400 3 2000 314 2 0 1681 3 
32400 4 2000 118 1 0 1881 0 
32400 5 2000 431 7 0 1551 11 
32400 6 2000 240 1 0 1756 3 
33600 0 2000 1185 55 0 716 44 
33600 1 2000 205 1 0 1786 8 
33600 2 2000 87 0 0 1913 0 
33600 3 2000 282 2 0 1708 8 
33600 4 2000 112 0 0 1885 3 
33600 5 2000 433 5 0 1554 8 
33600 6 2000 229 1 0 1767 3 
34800 0 2000 1163 70 0 716 50 
34800 1 2000 195 5 0 1793 7 
34800 2 2000 95 0 0 1904 1 
34800 3 2000 293 3 0 1701 3 
34800 4 2000 106 0 0 1891 2 
34800 5 2000 428 9 0 1558 5 
34800 6 2000 221 3 0 1775 1 
36000 0 2000 1176 64 0 728 31 
36000 1 2000 192 2 0 1805 1 
36000 2 2000 94 1 0 1901 4 
36000 3 2000 291 1 0 1705 3 
36000 4 2000 111 1 0 1886 2 
36000 5 2000 424 6 0 1559 11 
36000 6 2000 220 2 0 1769 9 
37200 0 2000 1197 39 0 715 49 
37200 1 2000 182 2 0 1815 1 
37200 2 2000 90 0 0 1908 2 
37200 3 2000 303 1 0 1689 7 
37200 4 2000 106 2 0 1891 1 
37200 5 2000 415 6 0 1570 9 
37200 6 2000 226 0 0 1774 0 
38400 0 2000 1175 57 0 712 56 
38400 1 2000 180 0 0 1817 3 
38400 2 2000 84 0 0 1916 0 
38400 3 2000 293 1 0 1698 8 
38400 4 2000 112 0 0 1886 2 
38400 5 2000 410 6 0 1575 9 
38400 6 2000 230 2 0 1758 10 
39600 0 2000 1203 49 0 723 25 
39600 1 2000 190 1 0 1806 3 
39600 2 2000 92 0 0 1908 0 
39600 3 2000 294 1 0 1694 11 
39600 4 2000 114 0 0 1884 2 
39600 5 2000 409 2 0 1584 5 
39600 6 2000 208 2 0 1789 1 
40800 0 2000 1200 40 0 732 28 
40800 1 2000 173 0 0 1822 5 
40800 2 2000 89 0 0 1911 0 
40800 3 2000 280 1 0 1718 1 
40800 4 2000 116 0 0 1884 0 
40800 5 2000 396 4 0 1593 7 
40800 6 2000 220 1 0 1779 0 
42000 0 2000 1190 42 0 729 38 
42000 1 2000 178 1 0 1816 5 
42000 2 2000 99 0 0 1901 0 
42000 3 2000 298 2 0 1697 3 
42000 4 2000 110 0 0 1889 0 
42000 5 2000 397 4 0 1590 9 
42000 6 2000 206 2 0 1792 0 
43200 0 2000 1154 49 0 761 36 
43200 1 2000 176 2 0 1818 4 
43200 2 2000 89 1 0 1904 6 
43200 3 2000 260 3 0 1730 7 
43200 4 2000 109 1 0 1890 0 
43200 5 2000 394 5 0 1599 2 
43200 6 2000 229 0 0 1767 4 
44400 0 2000 1202 48 0 711 39 
44400 1 2000 179 0 0 1817 4 
44400 2 2000 96 0 0 1904 0 
44400 3 2000 290 3 0 1703 4 
44400 4 2000 109 1 0 1890 0 
44400 5 2000 397 3 0 1587 13 
44400 6 2000 200 4 0 1790 6 
45600 0 2000 1178 44 0 726 52 
45600 1 2000 172 0 0 1823 5 
45600 2 2000 83 0 0 1917 0 
45600 3 2000 270 2 0 1719 9 
45600 4 2000 98 1 0 1901 0 
45600 5 2000 392 4 0 1594 10 
45600 6 2000 200 1 0 1798 1 
46800 0 2000 1175 52 0 732 41 
46800 1 2000 166 2 0 1821 11 
46800 2 2000 84 0 0 1914 2 
46800 3 2000 276 0 0 1722 2 
46800 4 2000 89 0 0 1908 3 
46800 5 2000 386 6 0 1594 14 
46800 6 2000 198 1 0 1799 2 
48000 0 2000 1160 42 0 776 22 
48000 1 2000 162 0 0 1834 4 
48000 2 2000 91 0 0 1909 0 
48000 3 2000 283 2 0 1710 5 
48000 4 2000 100 1 0 1897 2 
48000 5 2000 400 4 0 1588 8 
48000 6 2000 197 1 0 1795 7 
49200 0 2000 1170 56 0 734 39 
49200 1 2000 167 0 0 1827 6 
49200 2 2000 91 0 0 1909 0 
49200 3 2000 276 1 0 1717 6 
49200 4 2000 98 0 0 1899 3 
49200 5 2000 381 5 0 1613 1 
49200 6 2000 199 1 0 1798 2 
50400 0 2000 1170 48 0 740 42 
50400 1 2000 168 1 0 1827 4 
50400 2 2000 93 0 0 1905 2 
50400 3 2000 259 3 0 1737 1 
50400 4 2000 102 0 0 1898 0 
50400 5 2000 377 3 0 1605 15 
50400 6 2000 188 1 0 1809 2 
51600 0 2000 1180 36 0 749 35 
51600 1 2000 162 1 0 1833 4 
51600 2 2000 86 0 0 1913 1 
51600 3 2000 262 0 0 1733 5 
51600 4 2000 102 0 0 1897 1 
51600 5 2000 363 2 0 1629 6 
51600 6 2000 190 1 0 1808 1 
52800 0 2000 1181 43 0 734 42 
52800 1 2000 171 2 0 1824 3 
52800 2 2000 82 0 0 1918 0 
52800 3 2000 254 1 0 1737 8 
52800 4 2000 102 0 0 1897 1 
52800 5 2000 368 7 0 1621 4 
52800 6 2000 182 3 0 1815 0 
54000 0 2000 1174 34 0 746 46 
54000 1 2000 161 0 0 1837 2 
54000 2 2000 87 0 0 1907 6 
54000 3 2000 252 1 0 1743 4 
54000 4 2000 98 0 0 1902 0 
54000 5 2000 382 3 0 1609 6 
54000 6 2000 196 2 0 1796 6 
55200 0 2000 1190 43 0 724 43 
55200 1 2000 164 0 0 1834 2 
55200 2 2000 86 0 0 1913 1 
55200 3 2000 262 0 0 1731 7 
55200 4 2000 89 0 0 1911 0 
55200 5 2000 360 2 0 1634 4 
55200 6 2000 189 0 0 1809 2 
56400 0 2000 1185 31 0 736 48 
56400 1 2000 157 0 0 1843 0 
56400 2 2000 81 0 0 1916 3 
56400 3 2000 267 0 0 1730 3 
56400 4 2000 91 0 0 1908 1 
56400 5 2000 361 3 0 1627 9 
56400 6 2000 188 0 0 1812 0 
57600 0 2000 1184 28 0 750 38 
57600 1 2000 157 2 0 1837 4 
57600 2 2000 93 0 0 1906 1 
57600 3 2000 261 1 0 1736 2 
57600 4 2000 88 0 0 1911 1 
57600 5 2000 361 5 0 1629 5 
57600 6 2000 185 0 0 1815 0 
58800 0 2000 1189 27 0 737 47 
58800 1 2000 154 0 0 1846 0 
58800 2 2000 92 0 0 1908 0 
58800 3 2000 241 1 0 1750 8 
58800 4 2000 85 0 0 1909 6 
58800 5 2000 352 7 0 1639 2 
58800 6 2000 202 0 0 1793 5 
60000 0 2000 1183 31 0 758 28 
60000 1 2000 162 2 0 1836 0 
60000 2 2000 84 0 0 1914 2 
60000 3 2000 241 0 0 1749 10 
60000 4 2000 95 1 0 1904 0 
60000 5 2000 377 4 0 1613 6 
60000 6 2000 181 1 0 1813 5 
61200 0 2000 1194 33 0 733 40 
61200 1 2000 153 1 0 1844 2 
61200 2 2000 72 0 0 1927 1 
61200 3 2000 245 3 0 1751 1 
61200 4 2000 83 1 0 1916 0 
61200 5 2000 349 1 0 1644 6 
61200 6 2000 185 0 0 1814 1 
62400 0 2000 1180 33 0 749 38 
62400 1 2000 149 0 0 1848 3 
62400 2 2000 87 0 0 1913 0 
62400 3 2000 240 1 0 1754 5 
62400 4 2000 94 0 0 1904 2 
62400 5 2000 343 5 0 1641 11 
62400 6 2000 190 2 0 1805 3 
63600 0 2000 1200 40 0 745 14 
63600 1 2000 136 0 0 1864 0 
63600 2 2000 74 0 0 1925 1 
63600 3 2000 253 1 0 1745 0 
63600 4 2000 91 0 0 1908 0 
63600 5 2000 333 2 0 1656 9 
63600 6 2000 198 1 0 1797 4 
64800 0 2000 1145 29 0 762 64 
64800 1 2000 150 0 0 1842 8 
64800 2 2000 85 0 0 1913 2 
64800 3 2000 238 1 0 1755 6 
64800 4 2000 97 0 0 1900 3 
64800 5 2000 336 3 0 1659 2 
64800 6 2000 179 2 0 1817 2 
66000 0 2000 1190 35 0 745 29 
66000 1 2000 154 1 0 1845 0 
66000 2 2000 83 0 0 1916 1 
66000 3 2000 241 2 0 1755 2 
66000 4 2000 90 1 0 1907 1 
66000 5 2000 336 5 0 1652 7 
66000 6 2000 181 2 0 1814 3 
67200 0 2000 1156 33 0 765 46 
67200 1 2000 150 0 0 1849 1 
67200 2 2000 79 0 0 1920 1 
67200 3 2000 255 1 0 1744 0 
67200 4 2000 84 0 0 1915 1 
67200 5 2000 336 4 0 1652 8 
67200 6 2000 175 1 0 1818 6 
68400 0 2000 1168 26 0 757 49 
68400 1 2000 153 0 0 1840 7 
68400 2 2000 78 0 0 1922 0 
68400 3 2000 240 3 0 1756 1 
68400 4 2000 79 0 0 1920 1 
68400 5 2000 339 2 0 1658 1 
68400 6 2000 180 0 0 1820 0 
69600 0 2000 1163 25 0 761 51 
69600 1 2000 144 0 0 1856 0 
69600 2 2000 80 0 0 1920 0 
69600 3 2000 222 1 0 1770 7 
69600 4 2000 89 0 0 1910 1 
69600 5 2000 346 2 0 1646 6 
69600 6 2000 185 0 0 1813 2 
70800 0 2000 1156 30 0 749 65 
70800 1 2000 144 0 0 1854 2 
70800 2 2000 65 0 0 1935 0 
70800 3 2000 240 1 0 1757 2 
70800 4 2000 79 1 0 1920 0 
70800 5 2000 332 3 0 1663 2 
70800 6 2000 172 0 0 1826 2 
72000 0 2000 1162 32 0 768 38 
72000 1 2000 136 1 0 1862 1 
72000 2 2000 71 0 0 1927 2 
72000 3 2000 243 1 0 1755 1 
72000 4 2000 84 1 0 1911 4 
72000 5 2000 319 3 0 1668 10 
72000 6 2000 176 1 0 1823 0 
73200 0 2000 1167 30 0 774 29 
73200 1 2000 141 0 0 1856 3 
73200 2 2000 75 0 0 1924 1 
73200 3 2000 242 3 0 1749 6 
73200 4 2000 88 0 0 1912 0 
73200 5 2000 335 4 0 1655 6 
73200 6 2000 176 1 0 1817 6 
74400 0 2000 1167 30 0 778 25 
74400 1 2000 144 0 0 1854 2 
74400 2 2000 73 0 0 1926 1 
74400 3 2000 241 0 0 1759 0 
74400 4 2000 94 0 0 1906 0 
74400 5 2000 332 4 0 1662 2 
74400 6 2000 173 0 0 1827 0 
75600 0 2000 1172 21 0 777 30 
75600 1 2000 140 0 0 1860 0 
75600 2 2000 85 0 0 1915 0 
75600 3 2000 225 1 0 1771 3 
75600 4 2000 82 0 0 1917 1 
75600 5 2000 329 0 0 1667 4 
75600 6 2000 165 2 0 1833 0 
76800 0 2000 1163 23 0 785 29 
76800 1 2000 133 0 0 1867 0 
76800 2 2000 74 0 0 1926 0 
76800 3 2000 231 1 0 1768 0 
76800 4 2000 83 1 0 1916 0 
76800 5 2000 316 3 0 1678 3 
76800 6 2000 173 0 0 1827 0 
78000 0 2000 1165 31 0 766 38 
78000 1 2000 138 0 0 1861 1 
78000 2 2000 78 0 0 1922 0 
78000 3 2000 224 0 0 1772 4 
78000 4 2000 81 0 0 1918 1 
78000 5 2000 328 1 0 1666 5 
78000 6 2000 162 0 0 1838 0 
79200 0 2000 1155 31 0 780 34 
79200 1 2000 140 0 0 1857 3 
79200 2 2000 80 0 0 1918 2 
79200 3 2000 221 1 0 1775 3 
79200 4 2000 82 0 0 1918 0 
79200 5 2000 329 1 0 1667 3 
79200 6 2000 179 0 0 1816 5 
80400 0 2000 1153 28 0 785 34 
80400 1 2000 144 0 0 1856 0 
80400 2 2000 72 0 0 1927 1 
80400 3 2000 220 0 0 1780 0 
80400 4 2000 83 0 0 1915 2 
80400 5 2000 317 4 0 1675 4 
80400 6 2000 165 0 0 1835 0 
81600 0 2000 1162 37 0 785 16 
81600 1 2000 130 2 0 1864 4 
81600 2 2000 76 0 0 1922 2 
81600 3 2000 227 1 0 1772 0 
81600 4 2000 84 0 0 1914 2 
81600 5 2000 324 3 0 1672 1 
81600 6 2000 168 1 0 1831 0 
82800 0 2000 1167 29 0 753 51 
82800 1 2000 142 0 0 1857 1 
82800 2 2000 74 0 0 1926 0 
82800 3 2000 229 1 0 1764 6 
82800 4 2000 83 0 0 1917 0 
82800 5 2000 321 6 0 1673 0 
82800 6 2000 162 1 0 1836 1 
84000 0 2000 1170 24 0 778 28 
84000 1 2000 138 0 0 1861 1 
84000 2 2000 72 0 0 1928 0 
84000 3 2000 225 2 0 1772 1 
84000 4 2000 82 0 0 1918 0 
84000 5 2000 309 3 0 1686 2 
84000 6 2000 173 1 0 1826 0 
85200 0 2000 1150 32 0 778 40 
85200 1 2000 142 1 0 1856 1 
85200 2 2000 75 0 0 1923 2 
85200 3 2000 213 1 0 1786 0 
85200 4 2000 74 0 0 1926 0 
85200 5 2000 313 1 0 1684 2 
85200 6 2000 170 1 0 1825 4 
86400 0 2000 1148 29 0 771 52 
86400 1 2000 138 1 0 1861 0 
86400 2 2000 78 0 0 1922 0 
86400 3 2000 221 3 0 1774 2 
86400 4 2000 81 0 0 1919 0 
86400 5 2000 321 4 0 1672 3 
86400 6 2000 169 1 0 1830 0 
87600 0 2000 1189 20 0 775 16 
87600 1 2000 136 0 0 1862 2 
87600 2 2000 70 0 0 1929 1 
87600 3 2000 224 0 0 1774 2 
87600 4 2000 70 1 0 1929 0 
87600 5 2000 330 2 0 1668 0 
87600 6 2000 161 0 0 1839 0 
88800 0 2000 1152 23 0 793 32 
88800 1 2000 137 0 0 1860 3 
88800 2 2000 71 0 0 1929 0 
88800 3 2000 206 0 0 1793 1 
88800 4 2000 78 0 0 1922 0 
88800 5 2000 320 4 0 1676 0 
88800 6 2000 156 1 0 1843 0 
90000 0 2000 1168 19 0 794 19 
90000 1 2000 141 0 0 1859 0 
90000 2 2000 67 0 0 1933 0 
90000 3 2000 217 2 0 1776 5 
90000 4 2000 77 0 0 1921 2 
90000 5 2000 305 3 0 1686 6 
90000 6 2000 159 0 0 1840 1 
91200 0 2000 1166 21 0 773 40 
91200 1 2000 140 0 0 1860 0 
91200 2 2000 68 1 0 1930 1 
91200 3 2000 226 0 0 1768 6 
91200 4 2000 76 0 0 1923 1 
91200 5 2000 315 1 0 1683 1 
91200 6 2000 162 1 0 1836 1 
92400 0 2000 1166 24 0 784 26 
92400 1 2000 128 1 0 1867 4 
92400 2 2000 72 0 0 1927 1 
92400 3 2000 220 1 0 1775 4 
92400 4 2000 73 1 0 1926 0 
92400 5 2000 299 2 0 1697 2 
92400 6 2000 163 1 0 1835 1 
93600 0 2000 1175 20 0 779 26 
93600 1 2000 138 0 0 1862 0 
93600 2 2000 70 0 0 1930 0 
93600 3 2000 224 0 0 1776 0 
93600 4 2000 79 0 0 1918 3 
93600 5 2000 321 1 0 1672 6 
93600 6 2000 161 2 0 1837 0 
94800 0 2000 1144 22 0 795 39 
94800 1 2000 135 0 0 1864 1 
94800 2 2000 74 0 0 1925 1 
94800 3 2000 221 0 0 1776 3 
94800 4 2000 79 0 0 1921 0 
94800 5 2000 314 2 0 1680 4 
94800 6 2000 161 0 0 1838 1 
96000 0 2000 1161 21 0 801 17 
96000 1 2000 138 0 0 1862 0 
96000 2 2000 76 0 0 1923 1 
96000 3 2000 232 1 0 1766 1 
96000 4 2000 73 0 0 1927 0 
96000 5 2000 300 3 0 1696 1 
96000 6 2000 159 1 0 1840 0 
97200 0 2000 1154 26 0 797 23 
97200 1 2000 137 0 0 1861 2 
97200 2 2000 72 1 0 1927 0 
97200 3 2000 224 1 0 1772 3 
97200 4 2000 77 0 0 1923 0 
97200 5 2000 296 4 0 1696 4 
97200 6 2000 160 0 0 1840 0 
98400 0 2000 1136 18 0 795 51 
98400 1 2000 126 1 0 1873 0 
98400 2 2000 66 0 0 1934 0 
98400 3 2000 227 1 0 1768 4 
98400 4 2000 80 0 0 1920 0 
98400 5 2000 312 1 0 1684 3 
98400 6 2000 154 1 0 1845 0 
99600 0 2000 1156 17 0 797 30 
99600 1 2000 120 0 0 1880 0 
99600 2 2000 72 0 0 1928 0 
99600 3 2000 214 1 0 1785 0 
99600 4 2000 77 0 0 1922 1 
99600 5 2000 305 0 0 1692 3 
99600 6 2000 168 0 0 1832 0 
100800 0 2000 1162 24 0 783 31 
100800 1 2000 134 0 0 1866 0 
100800 2 2000 68 0 0 1932 0 
100800 3 2000 219 2 0 1779 0 
100800 4 2000 89 1 0 1910 0 
100800 5 2000 309 2 0 1678 11 
100800 6 2000 180 1 0 1818 1 
102000 0 2000 1158 23 0 793 26 
102000 1 2000 128 0 0 1872 0 
102000 2 2000 66 0 0 1934 0 
102000 3 2000 230 1 0 1766 3 
102000 4 2000 80 0 0 1920 0 
102000 5 2000 290 2 0 1708 0 
102000 6 2000 153 0 0 1847 0 
103200 0 2000 1152 30 0 788 30 
103200 1 2000 132 0 0 1868 0 
103200 2 2000 71 1 0 1928 0 
103200 3 2000 214 0 0 1780 6 
103200 4 2000 82 0 0 1918 0 
103200 5 2000 305 2 0 1685 8 
103200 6 2000 173 1 0 1822 4 
104400 0 2000 1157 18 0 795 30 
104400 1 2000 125 0 0 1875 0 
104400 2 2000 66 0 0 1933 1 
104400 3 2000 225 1 0 1773 1 
104400 4 2000 76 0 0 1924 0 
104400 5 2000 305 0 0 1694 1 
104400 6 2000 152 0 0 1848 0 
105600 0 2000 1163 16 0 787 34 
105600 1 2000 127 0 0 1868 5 
105600 2 2000 66 0 0 1932 2 
105600 3 2000 222 1 0 1773 4 
105600 4 2000 80 0 0 1920 0 
105600 5 2000 302 2 0 1685 11 
105600 6 2000 173 0 0 1826 1 
106800 0 2000 1139 22 0 801 38 
106800 1 2000 125 0 0 1874 1 
106800 2 2000 67 0 0 1933 0 
106800 3 2000 220 1 0 1778 1 
106800 4 2000 72 0 0 1928 0 
106800 5 2000 309 3 0 1685 3 
106800 6 2000 165 0 0 1835 0 
108000 0 2000 1145 31 0 789 35 
108000 1 2000 128 1 0 1871 0 
108000 2 2000 73 0 0 1927 0 
108000 3 2000 220 0 0 1777 3 
108000 4 2000 82 1 0 1917 0 
108000 5 2000 308 6 0 1684 2 
108000 6 2000 164 0 0 1835 1 
109200 0 2000 1133 26 0 806 35 
109200 1 2000 124 1 0 1873 2 
109200 2 2000 76 0 0 1924 0 
109200 3 2000 222 0 0 1769 9 
109200 4 2000 75 0 0 1924 1 
109200 5 2000 308 3 0 1689 0 
109200 6 2000 160 0 0 1840 0 
110400 0 2000 1139 24 0 794 43 
110400 1 2000 129 0 0 1863 8 
110400 2 2000 73 0 0 1927 0 
110400 3 2000 233 0 0 1762 5 
110400 4 2000 73 0 0 1927 0 
110400 5 2000 303 1 0 1695 1 
110400 6 2000 162 1 0 1835 2 
111600 0 2000 1140 22 0 803 35 
111600 1 2000 129 0 0 1871 0 
111600 2 2000 72 0 0 1928 0 
111600 3 2000 215 0 0 1780 5 
111600 4 2000 83 0 0 1916 1 
111600 5 2000 304 0 0 1695 1 
111600 6 2000 162 0 0 1836 2 
112800 0 2000 1144 24 0 797 35 
112800 1 2000 131 1 0 1868 0 
112800 2 2000 76 0 0 1924 0 
112800 3 2000 209 0 0 1789 2 
112800 4 2000 84 0 0 1916 0 
112800 5 2000 311 4 0 1684 1 
112800 6 2000 153 0 0 1846 1 
114000 0 2000 1163 24 0 782 31 
114000 1 2000 123 0 0 1876 1 
114000 2 2000 63 1 0 1932 4 
114000 3 2000 216 0 0 1784 0 
114000 4 2000 79 0 0 1921 0 
114000 5 2000 312 2 0 1682 4 
114000 6 2000 156 1 0 1843 0 
115200 0 2000 1155 15 0 794 36 
115200 1 2000 124 0 0 1876 0 
115200 2 2000 70 0 0 1930 0 
115200 3 2000 221 0 0 1779 0 
115200 4 2000 75 1 0 1924 0 
115200 5 2000 296 3 0 1699 2 
115200 6 2000 159 0 0 1840 1 
116400 0 2000 1138 29 0 801 32 
116400 1 2000 127 0 0 1872 1 
116400 2 2000 69 0 0 1931 0 
116400 3 2000 210 0 0 1783 7 
116400 4 2000 78 0 0 1922 0 
116400 5 2000 297 3 0 1696 4 
116400 6 2000 159 0 0 1840 1 
117600 0 2000 1126 19 0 792 63 
117600 1 2000 124 0 0 1873 3 
117600 2 2000 63 0 0 1937 0 
117600 3 2000 216 1 0 1783 0 
117600 4 2000 79 0 0 1921 0 
117600 5 2000 303 4 0 1678 15 
117600 6 2000 163 0 0 1834 3 
118800 0 2000 1174 22 0 786 18 
118800 1 2000 131 1 0 1864 4 
118800 2 2000 65 0 0 1935 0 
118800 3 2000 226 1 0 1773 0 
118800 4 2000 77 0 0 1923 0 
118800 5 2000 297 3 0 1692 8 
118800 6 2000 151 0 0 1843 6 
