0 0 0 0 0 0 0 0 
0 1 0 0 0 0 0 0 
0 2 0 0 0 0 0 0 
0 3 0 0 0 0 0 0 
0 4 0 0 0 0 0 0 
0 5 0 0 0 0 0 0 
0 6 0 0 0 0 0 0 
1200 0 2000 884 708 6 400 0 
1200 1 2000 111 7 0 1882 0 
1200 2 2000 404 103 0 1492 0 
1200 3 2000 378 58 0 1563 0 
1200 4 2000 235 26 0 1739 0 
1200 5 2000 429 78 0 1492 0 
1200 6 2000 693 314 0 992 0 
2400 0 2000 896 693 6 403 0 
2400 1 2000 129 1 0 1870 0 
2400 2 2000 405 86 0 1509 0 
2400 3 2000 378 70 0 1551 0 
2400 4 2000 238 20 0 1742 0 
2400 5 2000 439 80 0 1480 0 
2400 6 2000 712 318 0 969 0 
3600 0 2000 867 716 5 410 0 
3600 1 2000 113 8 0 1879 0 
3600 2 2000 415 94 0 1491 0 
3600 3 2000 376 74 0 1549 0 
3600 4 2000 213 18 0 1769 0 
3600 5 2000 399 84 0 1516 0 
3600 6 2000 689 359 0 951 0 
4800 0 2000 866 728 7 397 0 
4800 1 2000 112 11 0 1877 0 
4800 2 2000 418 89 0 1493 0 
4800 3 2000 385 66 0 1548 0 
4800 4 2000 242 16 0 1742 0 
4800 5 2000 409 86 0 1504 0 
4800 6 2000 699 344 0 956 0 
6000 0 2000 872 726 6 394 0 
6000 1 2000 109 8 0 1883 0 
6000 2 2000 410 92 0 1498 0 
6000 3 2000 376 66 0 1557 0 
6000 4 2000 229 17 0 1754 0 
6000 5 2000 409 99 0 1491 0 
6000 6 2000 701 355 0 943 0 
7200 0 2000 864 731 5 398 0 
7200 1 2000 109 4 0 1887 0 
7200 2 2000 397 102 0 1501 0 
7200 3 2000 368 87 0 1544 0 
7200 4 2000 227 17 0 1756 0 
7200 5 2000 421 92 0 1486 0 
7200 6 2000 677 345 0 976 0 
8400 0 2000 862 734 6 396 0 
8400 1 2000 120 6 0 1874 0 
8400 2 2000 423 85 0 1491 0 
8400 3 2000 373 68 0 1558 0 
8400 4 2000 225 20 0 1755 0 
8400 5 2000 405 85 0 1509 0 
8400 6 2000 701 340 0 958 0 
9600 0 2000 877 734 5 382 0 
9600 1 2000 115 7 0 1878 0 
9600 2 2000 399 90 0 1510 0 
9600 3 2000 390 66 0 1543 0 
9600 4 2000 237 19 0 1744 0 
9600 5 2000 441 82 0 1476 0 
9600 6 2000 693 347 0 959 0 
10800 0 2000 861 746 6 385 0 
10800 1 2000 111 9 0 1880 0 
10800 2 2000 402 98 0 1499 0 
10800 3 2000 360 72 0 1567 0 
10800 4 2000 225 18 0 1757 0 
10800 5 2000 431 78 0 1490 0 
10800 6 2000 674 338 0 986 0 
12000 0 2000 641 522 11 362 464 
12000 1 2000 95 2 0 1837 66 
12000 2 2000 315 68 0 1390 226 
12000 3 2000 284 66 0 1424 225 
12000 4 2000 197 19 0 1624 159 
12000 5 2000 336 84 0 1358 221 
12000 6 2000 513 247 0 889 349 
13200 0 2000 865 352 4 365 413 
13200 1 2000 77 3 0 1865 55 
13200 2 2000 306 32 0 1461 201 
13200 3 2000 283 23 0 1528 165 
13200 4 2000 173 3 0 1716 108 
13200 5 2000 311 22 0 1467 200 
13200 6 2000 562 118 0 1039 281 
14400 0 2000 977 246 3 413 360 
14400 1 2000 75 0 0 1865 60 
14400 2 2000 295 14 0 1547 144 
14400 3 2000 262 16 0 1594 127 
14400 4 2000 163 3 0 1760 74 
14400 5 2000 287 20 0 1543 150 
14400 6 2000 588 71 0 1089 252 
15600 0 2000 1039 194 0 401 365 
15600 1 2000 62 0 0 1912 26 
15600 2 2000 260 9 0 1568 163 
15600 3 2000 248 3 0 1657 91 
15600 4 2000 148 0 0 1809 43 
15600 5 2000 277 6 0 1591 126 
15600 6 2000 568 45 0 1166 221 
16800 0 2000 1096 142 1 435 325 
16800 1 2000 70 1 0 1902 27 
16800 2 2000 251 6 0 1632 111 
16800 3 2000 239 4 0 1662 94 
16800 4 2000 136 0 0 1834 30 
16800 5 2000 264 3 0 1628 105 
16800 6 2000 576 32 0 1211 181 
18000 0 2000 1087 111 0 459 342 
18000 1 2000 60 0 0 1915 25 
18000 2 2000 250 2 0 1659 89 
18000 3 2000 241 1 0 1686 71 
18000 4 2000 130 0 0 1852 18 
18000 5 2000 242 4 0 1675 79 
18000 6 2000 547 17 0 1266 170 
19200 0 2000 1125 102 0 478 294 
19200 1 2000 49 0 0 1933 18 
19200 2 2000 224 4 0 1709 63 
19200 3 2000 233 3 0 1703 60 
19200 4 2000 125 0 0 1842 33 
19200 5 2000 245 0 0 1688 67 
19200 6 2000 511 8 0 1327 154 
20400 0 2000 1110 86 0 503 300 
20400 1 2000 58 0 0 1926 16 
20400 2 2000 220 3 0 1731 46 
20400 3 2000 223 1 0 1728 47 
20400 4 2000 123 0 0 1857 20 
20400 5 2000 225 1 0 1716 58 
20400 6 2000 499 13 0 1360 128 
21600 0 2000 1120 71 0 511 298 
21600 1 2000 48 0 0 1944 8 
21600 2 2000 226 3 0 1722 49 
21600 3 2000 210 0 0 1737 53 
21600 4 2000 113 0 0 1857 30 
21600 5 2000 241 0 0 1720 39 
21600 6 2000 478 8 0 1398 116 
22800 0 2000 1133 81 0 534 252 
22800 1 2000 43 0 0 1949 8 
22800 2 2000 212 1 0 1743 44 
22800 3 2000 220 2 0 1732 46 
22800 4 2000 101 0 0 1885 14 
22800 5 2000 218 0 0 1758 24 
22800 6 2000 461 11 0 1428 100 
24000 0 2000 1116 60 0 525 299 
24000 1 2000 52 0 0 1943 5 
24000 2 2000 202 3 0 1739 56 
24000 3 2000 218 0 0 1750 32 
24000 4 2000 106 1 0 1877 16 
24000 5 2000 221 0 0 1752 27 
24000 6 2000 451 8 0 1454 87 
25200 0 2000 1118 57 0 541 284 
25200 1 2000 38 0 0 1960 2 
25200 2 2000 193 1 0 1784 22 
25200 3 2000 191 0 0 1777 32 
25200 4 2000 97 0 0 1896 7 
25200 5 2000 220 1 0 1752 27 
25200 6 2000 444 6 0 1487 63 
26400 0 2000 1136 49 0 557 258 
26400 1 2000 42 0 0 1955 3 
26400 2 2000 194 1 0 1790 15 
26400 3 2000 184 0 0 1785 31 
26400 4 2000 96 1 0 1893 10 
26400 5 2000 198 0 0 1771 31 
26400 6 2000 438 4 0 1479 79 
27600 0 2000 1134 58 0 553 255 
27600 1 2000 41 0 0 1957 2 
27600 2 2000 179 0 0 1814 7 
27600 3 2000 187 0 0 1795 18 
27600 4 2000 98 0 0 1898 4 
27600 5 2000 194 0 0 1782 24 
27600 6 2000 409 5 0 1534 52 
28800 0 2000 1169 53 0 548 230 
28800 1 2000 40 0 0 1956 4 
28800 2 2000 167 2 0 1823 8 
28800 3 2000 187 0 0 1798 15 
28800 4 2000 91 0 0 1907 2 
28800 5 2000 193 0 0 1790 17 
28800 6 2000 409 7 0 1533 51 
30000 0 2000 1178 52 0 552 218 
30000 1 2000 33 0 0 1962 5 
30000 2 2000 171 1 0 1819 9 
30000 3 2000 184 0 0 1799 17 
30000 4 2000 89 0 0 1901 10 
30000 5 2000 193 1 0 1798 8 
30000 6 2000 423 10 0 1529 38 
31200 0 2000 1178 50 0 546 226 
31200 1 2000 35 0 0 1965 0 
31200 2 2000 164 2 0 1820 14 
31200 3 2000 176 1 0 1809 14 
31200 4 2000 86 0 0 1909 5 
31200 5 2000 188 0 0 1788 24 
31200 6 2000 400 7 0 1574 19 
32400 0 2000 1167 50 0 572 211 
32400 1 2000 31 0 0 1969 0 
32400 2 2000 170 0 0 1823 7 
32400 3 2000 165 0 0 1825 10 
32400 4 2000 78 0 0 1919 3 
32400 5 2000 187 0 0 1792 21 
32400 6 2000 389 4 0 1560 47 
33600 0 2000 1175 44 0 582 199 
33600 1 2000 32 0 0 1968 0 
33600 2 2000 161 1 0 1824 14 
33600 3 2000 168 0 0 1818 14 
33600 4 2000 82 0 0 1917 1 
33600 5 2000 199 1 0 1777 23 
33600 6 2000 373 7 0 1578 42 
34800 0 2000 1200 54 0 561 185 
34800 1 2000 28 0 0 1972 0 
34800 2 2000 155 0 0 1829 16 
34800 3 2000 167 1 0 1827 5 
34800 4 2000 78 0 0 1920 2 
34800 5 2000 188 1 0 1798 13 
34800 6 2000 372 4 0 1588 36 
36000 0 2000 1214 53 0 577 156 
36000 1 2000 30 0 0 1969 1 
36000 2 2000 150 0 0 1849 1 
36000 3 2000 162 0 0 1836 2 
36000 4 2000 77 0 0 1919 4 
36000 5 2000 189 0 0 1801 10 
36000 6 2000 368 1 0 1602 29 
37200 0 2000 1213 39 0 587 161 
37200 1 2000 31 0 0 1969 0 
37200 2 2000 150 0 0 1845 5 
37200 3 2000 162 2 0 1832 4 
37200 4 2000 84 0 0 1914 2 
37200 5 2000 191 0 0 1798 11 
37200 6 2000 384 3 0 1589 24 
38400 0 2000 1219 44 0 568 169 
38400 1 2000 32 0 0 1968 0 
38400 2 2000 152 0 0 1845 3 
38400 3 2000 159 0 0 1834 7 
38400 4 2000 81 1 0 1915 3 
38400 5 2000 191 1 0 1793 15 
38400 6 2000 389 4 0 1591 16 
39600 0 2000 1245 39 0 579 137 
39600 1 2000 34 0 0 1966 0 
39600 2 2000 148 1 0 1850 1 
39600 3 2000 163 1 0 1828 8 
39600 4 2000 73 0 0 1925 2 
39600 5 2000 191 1 0 1806 2 
39600 6 2000 381 3 0 1591 25 
40800 0 2000 1257 48 0 584 111 
40800 1 2000 27 0 0 1973 0 
40800 2 2000 159 0 0 1837 4 
40800 3 2000 159 0 0 1835 6 
40800 4 2000 75 0 0 1923 2 
40800 5 2000 193 0 0 1804 3 
40800 6 2000 376 7 0 1594 23 
42000 0 2000 1267 39 0 580 114 
42000 1 2000 28 0 0 1972 0 
42000 2 2000 156 0 0 1841 3 
42000 3 2000 156 1 0 1839 4 
42000 4 2000 79 0 0 1914 7 
42000 5 2000 195 1 0 1802 2 
42000 6 2000 360 2 0 1619 19 
43200 0 2000 1261 39 0 579 121 
43200 1 2000 28 0 0 1971 1 
43200 2 2000 141 1 0 1854 4 
43200 3 2000 155 0 0 1841 4 
43200 4 2000 80 0 0 1919 1 
43200 5 2000 189 0 0 1806 5 
43200 6 2000 379 3 0 1605 13 
44400 0 2000 1253 43 0 586 118 
44400 1 2000 27 0 0 1973 0 
44400 2 2000 148 1 0 1848 3 
44400 3 2000 161 0 0 1838 1 
44400 4 2000 78 0 0 1921 1 
44400 5 2000 206 1 0 1790 3 
44400 6 2000 360 4 0 1618 18 
45600 0 2000 1276 39 0 569 116 
45600 1 2000 26 0 0 1973 1 
45600 2 2000 159 1 0 1835 5 
45600 3 2000 159 0 0 1835 6 
45600 4 2000 75 0 0 1922 3 
45600 5 2000 173 1 0 1820 6 
45600 6 2000 373 3 0 1608 16 
46800 0 2000 1256 43 0 589 112 
46800 1 2000 27 0 0 1972 1 
46800 2 2000 155 1 0 1836 8 
46800 3 2000 147 0 0 1852 1 
46800 4 2000 75 0 0 1925 0 
46800 5 2000 184 1 0 1806 9 
46800 6 2000 356 5 0 1628 11 
48000 0 2000 1272 40 0 583 105 
48000 1 2000 35 0 0 1964 1 
48000 2 2000 137 1 0 1859 3 
48000 3 2000 145 0 0 1849 6 
48000 4 2000 79 0 0 1919 2 
48000 5 2000 183 0 0 1815 2 
48000 6 2000 358 2 0 1616 24 
49200 0 2000 1262 33 0 587 118 
49200 1 2000 29 0 0 1971 0 
49200 2 2000 142 0 0 1857 1 
49200 3 2000 147 0 0 1845 8 
49200 4 2000 65 1 0 1931 3 
49200 5 2000 176 0 0 1823 1 
49200 6 2000 361 3 0 1614 22 
50400 0 2000 1257 43 0 598 102 
50400 1 2000 29 0 0 1970 1 
50400 2 2000 155 0 0 1841 4 
50400 3 2000 153 1 0 1842 4 
50400 4 2000 68 1 0 1930 1 
50400 5 2000 177 1 0 1819 3 
50400 6 2000 334 3 0 1646 17 
51600 0 2000 1291 28 0 598 83 
51600 1 2000 27 0 0 1971 2 
51600 2 2000 151 1 0 1845 3 
51600 3 2000 155 0 0 1843 2 
51600 4 2000 68 1 0 1928 3 
51600 5 2000 166 0 0 1833 1 
51600 6 2000 363 3 0 1619 15 
52800 0 2000 1274 46 0 575 105 
52800 1 2000 23 0 0 1977 0 
52800 2 2000 145 1 0 1851 3 
52800 3 2000 145 0 0 1852 3 
52800 4 2000 77 0 0 1921 2 
52800 5 2000 178 0 0 1819 3 
52800 6 2000 358 5 0 1632 5 
54000 0 2000 1270 44 0 584 102 
54000 1 2000 29 0 0 1971 0 
54000 2 2000 143 0 0 1851 6 
54000 3 2000 140 0 0 1855 5 
54000 4 2000 75 0 0 1923 2 
54000 5 2000 178 0 0 1820 2 
54000 6 2000 361 2 0 1627 10 
55200 0 2000 1257 42 0 588 113 
55200 1 2000 30 0 0 1970 0 
55200 2 2000 140 0 0 1856 4 
55200 3 2000 145 0 0 1849 6 
55200 4 2000 71 0 0 1925 4 
55200 5 2000 175 1 0 1823 1 
55200 6 2000 344 2 0 1642 12 
56400 0 2000 1277 36 0 600 87 
56400 1 2000 27 0 0 1973 0 
56400 2 2000 146 0 0 1851 3 
56400 3 2000 149 0 0 1850 1 
56400 4 2000 74 0 0 1924 2 
56400 5 2000 167 1 0 1829 3 
56400 6 2000 365 2 0 1627 6 
57600 0 2000 1295 36 0 584 85 
57600 1 2000 35 0 0 1965 0 
57600 2 2000 139 0 0 1859 2 
57600 3 2000 148 0 0 1852 0 
57600 4 2000 62 0 0 1936 2 
57600 5 2000 168 1 0 1829 2 
57600 6 2000 372 2 0 1618 8 
58800 0 2000 1304 32 0 592 72 
58800 1 2000 23 0 0 1976 1 
58800 2 2000 148 1 0 1845 6 
58800 3 2000 143 0 0 1851 6 
58800 4 2000 63 0 0 1937 0 
58800 5 2000 176 0 0 1822 2 
58800 6 2000 341 3 0 1654 2 
60000 0 2000 1284 35 0 605 76 
60000 1 2000 31 0 0 1965 4 
60000 2 2000 138 1 0 1860 1 
60000 3 2000 146 1 0 1852 1 
60000 4 2000 68 0 0 1931 1 
60000 5 2000 164 0 0 1834 2 
60000 6 2000 367 2 0 1624 7 
61200 0 2000 1272 35 0 598 95 
61200 1 2000 37 0 0 1960 3 
61200 2 2000 144 0 0 1851 5 
61200 3 2000 140 0 0 1854 6 
61200 4 2000 68 0 0 1932 0 
61200 5 2000 165 3 0 1831 1 
61200 6 2000 351 2 0 1644 3 
62400 0 2000 1289 31 0 598 82 
62400 1 2000 27 0 0 1973 0 
62400 2 2000 130 0 0 1869 1 
62400 3 2000 139 0 0 1854 7 
62400 4 2000 66 0 0 1934 0 
62400 5 2000 187 2 0 1808 3 
62400 6 2000 357 3 0 1636 4 
63600 0 2000 1300 39 0 600 61 
63600 1 2000 33 0 0 1967 0 
63600 2 2000 140 0 0 1856 4 
63600 3 2000 139 2 0 1856 3 
63600 4 2000 60 0 0 1939 1 
63600 5 2000 175 1 0 1822 2 
63600 6 2000 358 2 0 1639 1 
64800 0 2000 1287 34 0 609 70 
64800 1 2000 31 0 0 1968 1 
64800 2 2000 136 0 0 1861 3 
64800 3 2000 141 0 0 1853 6 
64800 4 2000 69 0 0 1927 4 
64800 5 2000 176 1 0 1822 1 
64800 6 2000 352 4 0 1637 7 
66000 0 2000 1290 38 0 599 73 
66000 1 2000 27 0 0 1973 0 
66000 2 2000 144 2 0 1854 0 
66000 3 2000 144 0 0 1856 0 
66000 4 2000 65 1 0 1932 2 
66000 5 2000 176 0 0 1823 1 
66000 6 2000 367 0 0 1623 10 
67200 0 2000 1292 28 0 620 60 
67200 1 2000 27 0 0 1973 0 
67200 2 2000 139 0 0 1860 1 
67200 3 2000 147 2 0 1851 0 
67200 4 2000 64 0 0 1935 1 
67200 5 2000 174 0 0 1826 0 
67200 6 2000 349 4 0 1634 13 
68400 0 2000 1282 27 0 616 75 
68400 1 2000 31 0 0 1969 0 
68400 2 2000 141 0 0 1859 0 
68400 3 2000 142 1 0 1853 4 
68400 4 2000 65 0 0 1934 1 
68400 5 2000 166 0 0 1830 4 
68400 6 2000 350 5 0 1638 7 
69600 0 2000 1283 34 0 613 70 
69600 1 2000 31 0 0 1969 0 
69600 2 2000 133 2 0 1865 0 
69600 3 2000 147 0 0 1851 2 
69600 4 2000 67 0 0 1933 0 
69600 5 2000 176 1 0 1819 4 
69600 6 2000 358 3 0 1639 0 
70800 0 2000 1293 28 0 611 68 
70800 1 2000 25 0 0 1975 0 
70800 2 2000 141 0 0 1859 0 
70800 3 2000 146 0 0 1852 2 
70800 4 2000 66 0 0 1934 0 
70800 5 2000 179 0 0 1816 5 
70800 6 2000 361 2 0 1631 6 
72000 0 2000 1300 48 0 595 57 
72000 1 2000 24 0 0 1975 1 
72000 2 2000 141 1 0 1855 3 
72000 3 2000 140 3 0 1855 2 
72000 4 2000 70 0 0 1930 0 
72000 5 2000 169 0 0 1821 10 
72000 6 2000 356 1 0 1637 6 
73200 0 2000 1292 44 0 593 71 
73200 1 2000 33 0 0 1967 0 
73200 2 2000 147 0 0 1852 1 
73200 3 2000 138 0 0 1861 1 
73200 4 2000 71 0 0 1926 3 
73200 5 2000 165 1 0 1827 7 
73200 6 2000 355 0 0 1638 7 
74400 0 2000 1285 36 0 600 79 
74400 1 2000 26 0 0 1974 0 
74400 2 2000 141 0 0 1858 1 
74400 3 2000 134 0 0 1866 0 
74400 4 2000 69 0 0 1930 1 
74400 5 2000 166 0 0 1830 4 
74400 6 2000 349 4 0 1636 10 
75600 0 2000 1290 46 0 605 59 
75600 1 2000 29 0 0 1970 1 
75600 2 2000 130 0 0 1870 0 
75600 3 2000 132 1 0 1866 1 
75600 4 2000 66 0 0 1934 0 
75600 5 2000 161 0 0 1835 4 
75600 6 2000 347 2 0 1638 13 
76800 0 2000 1300 39 0 594 67 
76800 1 2000 27 0 0 1972 1 
76800 2 2000 150 1 0 1844 5 
76800 3 2000 137 0 0 1862 1 
76800 4 2000 72 0 0 1928 0 
76800 5 2000 161 1 0 1837 1 
76800 6 2000 350 4 0 1643 3 
78000 0 2000 1302 49 0 591 58 
78000 1 2000 29 0 0 1971 0 
78000 2 2000 139 0 0 1861 0 
78000 3 2000 141 0 0 1858 1 
78000 4 2000 68 0 0 1931 1 
78000 5 2000 169 0 0 1829 2 
78000 6 2000 355 3 0 1635 7 
79200 0 2000 1282 41 0 591 86 
79200 1 2000 29 0 0 1970 1 
79200 2 2000 136 0 0 1864 0 
79200 3 2000 133 1 0 1865 1 
79200 4 2000 73 0 0 1927 0 
79200 5 2000 167 1 0 1829 3 
79200 6 2000 343 2 0 1645 10 
80400 0 2000 1289 38 0 588 85 
80400 1 2000 30 0 0 1970 0 
80400 2 2000 143 0 0 1857 0 
80400 3 2000 127 2 0 1869 2 
80400 4 2000 59 0 0 1941 0 
80400 5 2000 160 0 0 1840 0 
80400 6 2000 337 3 0 1650 10 
81600 0 2000 1282 39 0 608 71 
81600 1 2000 25 0 0 1975 0 
81600 2 2000 132 1 0 1867 0 
81600 3 2000 132 0 0 1868 0 
81600 4 2000 61 0 0 1939 0 
81600 5 2000 157 1 0 1841 1 
81600 6 2000 344 2 0 1642 12 
82800 0 2000 1283 33 0 602 82 
82800 1 2000 21 0 0 1979 0 
82800 2 2000 144 0 0 1856 0 
82800 3 2000 133 0 0 1864 3 
82800 4 2000 59 0 0 1939 2 
82800 5 2000 166 0 0 1833 1 
82800 6 2000 344 3 0 1650 3 
84000 0 2000 1267 47 0 621 65 
84000 1 2000 27 0 0 1973 0 
84000 2 2000 139 0 0 1860 1 
84000 3 2000 132 0 0 1865 3 
84000 4 2000 65 0 0 1935 0 
84000 5 2000 164 0 0 1834 2 
84000 6 2000 342 0 0 1649 9 
85200 0 2000 1288 38 0 613 61 
85200 1 2000 25 0 0 1974 1 
85200 2 2000 138 1 0 1860 1 
85200 3 2000 147 0 0 1850 3 
85200 4 2000 61 0 0 1939 0 
85200 5 2000 166 1 0 1832 1 
85200 6 2000 362 1 0 1631 6 
86400 0 2000 1295 46 0 583 76 
86400 1 2000 22 0 0 1978 0 
86400 2 2000 140 1 0 1857 2 
86400 3 2000 134 0 0 1864 2 
86400 4 2000 60 1 0 1939 0 
86400 5 2000 170 1 0 1828 1 
86400 6 2000 353 0 0 1642 5 
87600 0 2000 1290 33 0 595 82 
87600 1 2000 25 0 0 1975 0 
87600 2 2000 143 0 0 1853 4 
87600 3 2000 133 1 0 1866 0 
87600 4 2000 58 0 0 1942 0 
87600 5 2000 172 1 0 1826 1 
87600 6 2000 366 3 0 1623 8 
88800 0 2000 1281 38 0 612 69 
88800 1 2000 32 0 0 1968 0 
88800 2 2000 136 0 0 1860 4 
88800 3 2000 136 0 0 1864 0 
88800 4 2000 68 0 0 1931 1 
88800 5 2000 167 1 0 1831 1 
88800 6 2000 350 1 0 1642 7 
90000 0 2000 1301 40 0 604 55 
90000 1 2000 28 0 0 1972 0 
90000 2 2000 147 1 0 1850 2 
90000 3 2000 140 1 0 1859 0 
90000 4 2000 66 0 0 1934 0 
90000 5 2000 173 0 0 1826 1 
90000 6 2000 361 3 0 1632 3 
91200 0 2000 1292 34 0 615 59 
91200 1 2000 30 0 0 1970 0 
91200 2 2000 143 2 0 1852 3 
91200 3 2000 144 0 0 1854 2 
91200 4 2000 58 0 0 1942 0 
91200 5 2000 170 0 0 1830 0 
91200 6 2000 357 2 0 1637 4 
92400 0 2000 1289 35 0 624 52 
92400 1 2000 25 0 0 1975 0 
92400 2 2000 132 1 0 1860 7 
92400 3 2000 133 1 0 1865 1 
92400 4 2000 56 0 0 1943 1 
92400 5 2000 170 3 0 1826 1 
92400 6 2000 342 2 0 1653 3 
93600 0 2000 1298 34 0 610 58 
93600 1 2000 27 0 0 1972 1 
93600 2 2000 143 1 0 1854 2 
93600 3 2000 129 0 0 1870 1 
93600 4 2000 59 0 0 1940 1 
93600 5 2000 182 0 0 1817 1 
93600 6 2000 334 2 0 1661 3 
94800 0 2000 1279 48 0 611 62 
94800 1 2000 18 0 0 1981 1 
94800 2 2000 131 1 0 1867 1 
94800 3 2000 140 0 0 1857 3 
94800 4 2000 69 0 0 1930 1 
94800 5 2000 162 0 0 1836 2 
94800 6 2000 341 2 0 1650 6 
96000 0 2000 1284 42 0 599 75 
96000 1 2000 31 0 0 1969 0 
96000 2 2000 141 0 0 1858 1 
96000 3 2000 140 0 0 1854 6 
96000 4 2000 69 0 0 1931 0 
96000 5 2000 167 0 0 1832 1 
96000 6 2000 344 1 0 1651 4 
97200 0 2000 1267 42 0 619 72 
97200 1 2000 26 0 0 1973 1 
97200 2 2000 144 0 0 1853 3 
97200 3 2000 138 0 0 1860 2 
97200 4 2000 68 0 0 1931 1 
97200 5 2000 165 0 0 1833 2 
97200 6 2000 355 2 0 1634 9 
98400 0 2000 1275 46 0 606 73 
98400 1 2000 24 0 0 1975 1 
98400 2 2000 142 2 0 1852 4 
98400 3 2000 135 0 0 1864 1 
98400 4 2000 67 0 0 1930 3 
98400 5 2000 164 1 0 1834 1 
98400 6 2000 322 1 0 1669 8 
99600 0 2000 1293 32 0 595 80 
99600 1 2000 24 0 0 1976 0 
99600 2 2000 149 2 0 1843 6 
99600 3 2000 136 0 0 1863 1 
99600 4 2000 64 0 0 1935 1 
99600 5 2000 168 1 0 1825 6 
99600 6 2000 346 0 0 1645 9 
100800 0 2000 1270 41 0 614 75 
100800 1 2000 28 0 0 1972 0 
100800 2 2000 140 0 0 1859 1 
100800 3 2000 135 0 0 1864 1 
100800 4 2000 60 0 0 1940 0 
100800 5 2000 161 0 0 1839 0 
100800 6 2000 341 4 0 1647 8 
102000 0 2000 1307 29 0 594 70 
102000 1 2000 24 0 0 1976 0 
102000 2 2000 133 0 0 1861 6 
102000 3 2000 132 0 0 1867 1 
102000 4 2000 61 1 0 1938 0 
102000 5 2000 183 1 0 1814 2 
102000 6 2000 331 2 0 1661 6 
103200 0 2000 1302 38 0 586 74 
103200 1 2000 30 0 0 1970 0 
103200 2 2000 148 0 0 1849 3 
103200 3 2000 132 0 0 1867 1 
103200 4 2000 61 0 0 1939 0 
103200 5 2000 156 1 0 1843 0 
103200 6 2000 344 2 0 1647 7 
104400 0 2000 1303 33 0 606 58 
104400 1 2000 25 0 0 1975 0 
104400 2 2000 133 1 0 1864 2 
104400 3 2000 151 0 0 1848 1 
104400 4 2000 69 0 0 1930 1 
104400 5 2000 172 0 0 1828 0 
104400 6 2000 339 2 0 1656 3 
105600 0 2000 1298 26 0 626 50 
105600 1 2000 33 0 0 1966 1 
105600 2 2000 145 0 0 1853 2 
105600 3 2000 136 0 0 1863 1 
105600 4 2000 62 1 0 1937 0 
105600 5 2000 158 1 0 1840 1 
105600 6 2000 343 6 0 1640 11 
106800 0 2000 1317 32 0 600 51 
106800 1 2000 26 0 0 1973 1 
106800 2 2000 144 0 0 1850 6 
106800 3 2000 140 0 0 1855 5 
106800 4 2000 65 0 0 1935 0 
106800 5 2000 167 0 0 1832 1 
106800 6 2000 355 0 0 1641 4 
108000 0 2000 1289 37 0 606 68 
108000 1 2000 27 0 0 1973 0 
108000 2 2000 138 1 0 1858 3 
108000 3 2000 148 0 0 1851 1 
108000 4 2000 58 0 0 1941 1 
108000 5 2000 180 0 0 1816 4 
108000 6 2000 335 3 0 1660 2 
109200 0 2000 1296 32 0 597 75 
109200 1 2000 21 0 0 1979 0 
109200 2 2000 139 1 0 1860 0 
109200 3 2000 147 0 0 1852 1 
109200 4 2000 66 0 0 1934 0 
109200 5 2000 162 0 0 1836 2 
109200 6 2000 346 2 0 1647 5 
110400 0 2000 1311 38 0 611 40 
110400 1 2000 28 0 0 1971 1 
110400 2 2000 130 2 0 1868 0 
110400 3 2000 136 0 0 1863 1 
110400 4 2000 70 0 0 1929 1 
110400 5 2000 172 1 0 1825 2 
110400 6 2000 344 3 0 1638 15 
111600 0 2000 1277 38 0 610 75 
111600 1 2000 24 0 0 1975 1 
111600 2 2000 133 0 0 1865 2 
111600 3 2000 141 0 0 1854 5 
111600 4 2000 58 0 0 1940 2 
111600 5 2000 160 0 0 1838 2 
111600 6 2000 343 1 0 1650 6 
