0 0 0 0 0 0 0 0 
0 1 0 0 0 0 0 0 
0 2 0 0 0 0 0 0 
0 3 0 0 0 0 0 0 
0 4 0 0 0 0 0 0 
0 5 0 0 0 0 0 0 
0 6 0 0 0 0 0 0 
1200 0 2000 867 722 6 402 0 
1200 1 2000 372 65 0 1562 0 
1200 2 2000 212 26 0 1762 0 
1200 3 2000 469 132 0 1398 0 
1200 4 2000 223 23 0 1752 0 
1200 5 2000 594 218 0 1186 0 
1200 6 2000 379 71 0 1549 0 
2400 0 2000 877 713 5 402 0 
2400 1 2000 354 75 0 1570 0 
2400 2 2000 205 22 0 1773 0 
2400 3 2000 468 128 0 1402 0 
2400 4 2000 212 19 0 1767 0 
2400 5 2000 602 218 0 1179 0 
2400 6 2000 377 66 0 1556 0 
3600 0 2000 850 733 1 413 0 
3600 1 2000 350 80 0 1569 0 
3600 2 2000 219 20 0 1761 0 
3600 3 2000 490 110 0 1399 0 
3600 4 2000 220 18 0 1761 0 
3600 5 2000 578 229 0 1191 0 
3600 6 2000 372 73 0 1554 0 
4800 0 2000 852 733 6 406 0 
4800 1 2000 380 63 0 1556 0 
4800 2 2000 202 13 0 1785 0 
4800 3 2000 473 128 0 1398 0 
4800 4 2000 219 16 0 1763 0 
4800 5 2000 612 215 0 1170 0 
4800 6 2000 365 72 0 1562 0 
6000 0 2000 841 741 3 412 0 
6000 1 2000 375 70 0 1554 0 
6000 2 2000 210 23 0 1767 0 
6000 3 2000 457 143 0 1399 0 
6000 4 2000 222 16 0 1761 0 
6000 5 2000 583 232 0 1184 0 
6000 6 2000 372 68 0 1559 0 
7200 0 2000 837 761 4 395 0 
7200 1 2000 358 82 0 1559 0 
7200 2 2000 206 16 0 1778 0 
7200 3 2000 450 127 0 1423 0 
7200 4 2000 208 23 0 1767 0 
7200 5 2000 596 219 0 1184 0 
7200 6 2000 372 69 0 1558 0 
8400 0 2000 857 712 4 424 0 
8400 1 2000 362 70 0 1567 0 
8400 2 2000 200 22 0 1778 0 
8400 3 2000 488 114 0 1397 0 
8400 4 2000 223 19 0 1756 0 
8400 5 2000 600 214 0 1184 0 
8400 6 2000 371 77 0 1551 0 
9600 0 2000 856 715 4 422 0 
9600 1 2000 364 71 0 1564 0 
9600 2 2000 206 21 0 1773 0 
9600 3 2000 467 127 0 1405 0 
9600 4 2000 236 18 0 1745 0 
9600 5 2000 602 229 0 1168 0 
9600 6 2000 371 54 0 1574 0 
10800 0 2000 848 723 7 419 0 
10800 1 2000 358 75 0 1566 0 
10800 2 2000 199 28 0 1773 0 
10800 3 2000 470 134 0 1395 0 
10800 4 2000 223 22 0 1753 0 
10800 5 2000 609 217 0 1173 0 
10800 6 2000 367 76 0 1556 0 
12000 0 2000 634 518 10 360 475 
12000 1 2000 299 55 0 1457 188 
12000 2 2000 179 15 0 1691 115 
12000 3 2000 354 102 0 1310 233 
12000 4 2000 186 24 0 1618 171 
12000 5 2000 450 157 0 1057 334 
12000 6 2000 298 58 0 1431 213 
13200 0 2000 897 340 0 391 370 
13200 1 2000 265 19 0 1558 157 
13200 2 2000 164 6 0 1722 108 
13200 3 2000 379 24 0 1401 196 
13200 4 2000 159 3 0 1732 105 
13200 5 2000 464 75 0 1220 241 
13200 6 2000 264 30 0 1529 176 
14400 0 2000 981 236 1 399 381 
14400 1 2000 242 5 0 1628 124 
14400 2 2000 145 5 0 1794 56 
14400 3 2000 327 23 0 1490 159 
14400 4 2000 148 4 0 1745 103 
14400 5 2000 460 33 0 1311 196 
14400 6 2000 244 6 0 1605 144 
15600 0 2000 1052 173 0 430 345 
15600 1 2000 239 6 0 1681 73 
15600 2 2000 149 3 0 1789 59 
15600 3 2000 335 16 0 1520 129 
15600 4 2000 141 0 0 1802 56 
15600 5 2000 435 22 0 1358 183 
15600 6 2000 241 5 0 1649 104 
16800 0 2000 1095 146 0 446 312 
16800 1 2000 221 4 0 1717 58 
16800 2 2000 131 2 0 1831 36 
16800 3 2000 324 9 0 1559 108 
16800 4 2000 129 0 0 1839 31 
16800 5 2000 407 6 0 1430 157 
16800 6 2000 224 3 0 1689 83 
18000 0 2000 1086 119 0 476 317 
18000 1 2000 211 1 0 1731 56 
18000 2 2000 120 0 0 1860 20 
18000 3 2000 322 2 0 1587 89 
18000 4 2000 112 0 0 1875 12 
18000 5 2000 398 5 0 1468 129 
18000 6 2000 222 2 0 1732 43 
19200 0 2000 1125 112 0 465 296 
19200 1 2000 209 2 0 1730 58 
19200 2 2000 123 0 0 1859 18 
19200 3 2000 310 1 0 1612 77 
19200 4 2000 122 0 0 1862 15 
19200 5 2000 392 6 0 1459 142 
19200 6 2000 215 0 0 1744 40 
20400 0 2000 1110 113 0 465 310 
20400 1 2000 212 2 0 1746 39 
20400 2 2000 132 2 0 1846 20 
20400 3 2000 283 4 0 1639 74 
20400 4 2000 117 1 0 1868 13 
20400 5 2000 389 5 0 1523 82 
20400 6 2000 213 1 0 1747 38 
21600 0 2000 1128 91 0 491 288 
21600 1 2000 203 2 0 1749 45 
21600 2 2000 122 0 0 1854 24 
21600 3 2000 282 3 0 1628 87 
21600 4 2000 112 0 0 1874 13 
21600 5 2000 359 6 0 1550 85 
21600 6 2000 198 1 0 1762 38 
22800 0 2000 1128 78 0 497 295 
22800 1 2000 185 1 0 1777 36 
22800 2 2000 105 0 0 1858 37 
22800 3 2000 282 4 0 1661 53 
22800 4 2000 109 1 0 1868 21 
22800 5 2000 354 2 0 1564 80 
22800 6 2000 205 0 0 1763 31 
24000 0 2000 1145 73 0 519 263 
24000 1 2000 184 0 0 1783 33 
24000 2 2000 103 1 0 1869 27 
24000 3 2000 274 2 0 1686 38 
24000 4 2000 112 2 0 1875 10 
24000 5 2000 331 2 0 1599 68 
24000 6 2000 208 0 0 1745 46 
25200 0 2000 1136 56 0 526 280 
25200 1 2000 177 1 0 1797 24 
25200 2 2000 99 0 0 1877 24 
25200 3 2000 259 6 0 1692 42 
25200 4 2000 85 1 0 1902 12 
25200 5 2000 327 4 0 1618 51 
25200 6 2000 181 1 0 1793 24 
26400 0 2000 1154 63 0 524 257 
26400 1 2000 168 1 0 1806 24 
26400 2 2000 111 0 0 1877 12 
26400 3 2000 260 1 0 1690 49 
26400 4 2000 93 0 0 1898 9 
26400 5 2000 314 5 0 1638 42 
26400 6 2000 183 1 0 1796 19 
27600 0 2000 1138 68 0 547 245 
27600 1 2000 160 2 0 1824 14 
27600 2 2000 90 2 0 1898 10 
27600 3 2000 242 3 0 1706 49 
27600 4 2000 99 0 0 1895 5 
27600 5 2000 305 2 0 1655 37 
27600 6 2000 189 1 0 1797 12 
28800 0 2000 1166 49 0 543 240 
28800 1 2000 156 1 0 1819 24 
28800 2 2000 85 0 0 1904 11 
28800 3 2000 250 3 0 1710 36 
28800 4 2000 86 0 0 1903 10 
28800 5 2000 308 2 0 1660 30 
28800 6 2000 184 1 0 1793 21 
30000 0 2000 1149 62 0 551 236 
30000 1 2000 162 2 0 1804 31 
30000 2 2000 90 1 0 1897 12 
30000 3 2000 227 2 0 1749 22 
30000 4 2000 90 0 0 1907 2 
30000 5 2000 304 2 0 1663 30 
30000 6 2000 178 0 0 1803 18 
31200 0 2000 1169 60 0 539 230 
31200 1 2000 144 1 0 1841 13 
31200 2 2000 93 0 0 1895 12 
31200 3 2000 232 0 0 1743 25 
31200 4 2000 87 0 0 1910 3 
31200 5 2000 296 3 0 1670 31 
31200 6 2000 175 2 0 1815 7 
32400 0 2000 1203 53 0 539 203 
32400 1 2000 146 1 0 1841 11 
32400 2 2000 87 1 0 1910 2 
32400 3 2000 227 2 0 1759 12 
32400 4 2000 77 0 0 1922 1 
32400 5 2000 294 2 0 1682 22 
32400 6 2000 170 1 0 1817 11 
33600 0 2000 1230 42 0 539 187 
33600 1 2000 145 0 0 1840 14 
33600 2 2000 82 0 0 1909 9 
33600 3 2000 220 2 0 1763 15 
33600 4 2000 85 0 0 1910 4 
33600 5 2000 284 2 0 1698 16 
33600 6 2000 174 0 0 1812 13 
34800 0 2000 1209 43 0 567 179 
34800 1 2000 131 0 0 1857 11 
34800 2 2000 79 0 0 1917 4 
34800 3 2000 221 0 0 1769 10 
34800 4 2000 73 0 0 1924 2 
34800 5 2000 292 4 0 1687 17 
34800 6 2000 159 0 0 1832 8 
36000 0 2000 1214 46 0 562 176 
36000 1 2000 137 0 0 1855 7 
36000 2 2000 85 0 0 1904 11 
36000 3 2000 231 7 0 1750 12 
36000 4 2000 78 0 0 1918 3 
36000 5 2000 275 2 0 1712 10 
36000 6 2000 170 0 0 1824 5 
37200 0 2000 1247 44 0 558 149 
37200 1 2000 147 0 0 1848 5 
37200 2 2000 80 1 0 1917 2 
37200 3 2000 208 0 0 1789 3 
37200 4 2000 81 0 0 1913 5 
37200 5 2000 279 1 0 1709 11 
37200 6 2000 158 0 0 1835 6 
38400 0 2000 1253 43 0 558 144 
38400 1 2000 133 0 0 1863 3 
38400 2 2000 78 0 0 1917 5 
38400 3 2000 223 3 0 1766 8 
38400 4 2000 81 0 0 1918 0 
38400 5 2000 268 6 0 1710 16 
38400 6 2000 167 1 0 1822 9 
39600 0 2000 1240 55 0 554 149 
39600 1 2000 125 1 0 1868 6 
39600 2 2000 76 0 0 1922 2 
39600 3 2000 213 1 0 1779 7 
39600 4 2000 81 0 0 1919 0 
39600 5 2000 274 4 0 1715 7 
39600 6 2000 163 1 0 1818 17 
40800 0 2000 1263 35 0 563 137 
40800 1 2000 131 0 0 1865 3 
40800 2 2000 76 0 0 1922 2 
40800 3 2000 214 0 0 1776 10 
40800 4 2000 80 0 0 1920 0 
40800 5 2000 286 2 0 1703 9 
40800 6 2000 165 0 0 1823 11 
42000 0 2000 1272 38 0 543 145 
42000 1 2000 129 0 0 1864 6 
42000 2 2000 80 0 0 1918 2 
42000 3 2000 223 1 0 1776 0 
42000 4 2000 68 0 0 1930 1 
42000 5 2000 275 3 0 1715 7 
42000 6 2000 159 0 0 1831 9 
43200 0 2000 1251 43 0 565 139 
43200 1 2000 119 1 0 1872 7 
43200 2 2000 81 0 0 1919 0 
43200 3 2000 213 2 0 1785 0 
43200 4 2000 82 0 0 1914 4 
43200 5 2000 269 2 0 1720 9 
43200 6 2000 160 0 0 1831 8 
44400 0 2000 1278 51 0 549 120 
44400 1 2000 124 0 0 1873 2 
44400 2 2000 75 0 0 1924 1 
44400 3 2000 213 2 0 1782 3 
44400 4 2000 82 0 0 1917 0 
44400 5 2000 277 3 0 1715 5 
44400 6 2000 155 0 0 1838 6 
45600 0 2000 1267 52 0 564 115 
45600 1 2000 120 1 0 1878 1 
45600 2 2000 74 0 0 1925 1 
45600 3 2000 213 1 0 1774 12 
45600 4 2000 73 0 0 1924 2 
45600 5 2000 281 3 0 1710 6 
45600 6 2000 164 0 0 1832 3 
46800 0 2000 1263 43 0 545 147 
46800 1 2000 126 0 0 1871 2 
46800 2 2000 76 0 0 1917 7 
46800 3 2000 210 1 0 1789 0 
46800 4 2000 80 0 0 1918 2 
46800 5 2000 283 7 0 1697 13 
46800 6 2000 160 1 0 1837 1 
48000 0 2000 1273 38 0 572 115 
48000 1 2000 129 0 0 1869 1 
48000 2 2000 73 0 0 1927 0 
48000 3 2000 216 1 0 1774 9 
48000 4 2000 76 0 0 1924 0 
48000 5 2000 282 0 0 1711 7 
48000 6 2000 160 0 0 1836 3 
49200 0 2000 1248 39 0 570 141 
49200 1 2000 118 0 0 1880 2 
49200 2 2000 75 0 0 1924 1 
49200 3 2000 223 2 0 1773 2 
49200 4 2000 73 0 0 1920 6 
49200 5 2000 274 1 0 1717 8 
49200 6 2000 147 2 0 1847 3 
50400 0 2000 1269 30 0 558 141 
50400 1 2000 115 0 0 1884 0 
50400 2 2000 69 0 0 1928 3 
50400 3 2000 211 0 0 1780 9 
50400 4 2000 69 0 0 1928 3 
50400 5 2000 276 4 0 1714 6 
50400 6 2000 167 0 0 1825 7 
51600 0 2000 1278 33 0 565 123 
51600 1 2000 118 0 0 1879 2 
51600 2 2000 65 0 0 1934 1 
51600 3 2000 204 1 0 1786 9 
51600 4 2000 74 0 0 1918 8 
51600 5 2000 259 0 0 1729 12 
51600 6 2000 156 0 0 1839 4 
52800 0 2000 1266 29 0 581 123 
52800 1 2000 115 0 0 1882 3 
52800 2 2000 74 1 0 1924 1 
52800 3 2000 190 1 0 1801 8 
52800 4 2000 71 0 0 1924 5 
52800 5 2000 269 3 0 1716 12 
52800 6 2000 159 1 0 1829 10 
54000 0 2000 1268 43 0 571 117 
54000 1 2000 114 0 0 1881 4 
54000 2 2000 62 0 0 1931 7 
54000 3 2000 205 2 0 1791 2 
54000 4 2000 73 0 0 1925 2 
54000 5 2000 268 2 0 1726 4 
54000 6 2000 152 1 0 1840 6 
55200 0 2000 1270 35 0 597 97 
55200 1 2000 110 0 0 1883 6 
55200 2 2000 70 0 0 1930 0 
55200 3 2000 212 2 0 1785 1 
55200 4 2000 67 0 0 1928 5 
55200 5 2000 261 1 0 1733 5 
55200 6 2000 154 1 0 1841 3 
56400 0 2000 1267 35 0 593 104 
56400 1 2000 102 0 0 1894 3 
56400 2 2000 71 0 0 1925 4 
56400 3 2000 200 2 0 1794 4 
56400 4 2000 74 0 0 1926 0 
56400 5 2000 280 2 0 1715 3 
56400 6 2000 156 0 0 1838 5 
57600 0 2000 1280 32 0 598 89 
57600 1 2000 108 0 0 1891 1 
57600 2 2000 66 1 0 1931 2 
57600 3 2000 210 0 0 1789 1 
57600 4 2000 74 0 0 1926 0 
57600 5 2000 259 3 0 1721 16 
57600 6 2000 155 0 0 1841 3 
58800 0 2000 1292 30 0 585 92 
58800 1 2000 108 0 0 1889 2 
58800 2 2000 67 0 0 1933 0 
58800 3 2000 198 2 0 1797 3 
58800 4 2000 64 0 0 1936 0 
58800 5 2000 251 3 0 1733 13 
58800 6 2000 164 0 0 1833 2 
60000 0 2000 1283 35 0 579 102 
60000 1 2000 104 1 0 1893 1 
60000 2 2000 67 0 0 1932 1 
60000 3 2000 222 0 0 1773 5 
60000 4 2000 72 0 0 1928 0 
60000 5 2000 272 1 0 1722 5 
60000 6 2000 159 0 0 1833 7 
61200 0 2000 1288 37 0 580 94 
61200 1 2000 113 0 0 1884 2 
61200 2 2000 70 0 0 1928 2 
61200 3 2000 209 0 0 1789 2 
61200 4 2000 67 0 0 1933 0 
61200 5 2000 270 2 0 1710 18 
61200 6 2000 154 1 0 1833 11 
62400 0 2000 1286 41 0 585 87 
62400 1 2000 111 0 0 1886 3 
62400 2 2000 60 0 0 1939 1 
62400 3 2000 204 0 0 1794 2 
62400 4 2000 72 0 0 1928 0 
62400 5 2000 262 1 0 1727 10 
62400 6 2000 159 0 0 1836 4 
63600 0 2000 1287 31 0 582 99 
63600 1 2000 115 0 0 1878 6 
63600 2 2000 66 1 0 1930 3 
63600 3 2000 211 1 0 1780 8 
63600 4 2000 70 0 0 1930 0 
63600 5 2000 260 3 0 1732 5 
63600 6 2000 163 2 0 1831 3 
64800 0 2000 1291 33 0 572 104 
64800 1 2000 118 0 0 1877 4 
64800 2 2000 75 0 0 1922 3 
64800 3 2000 197 1 0 1800 2 
64800 4 2000 67 0 0 1933 0 
64800 5 2000 260 2 0 1734 4 
64800 6 2000 162 0 0 1835 2 
66000 0 2000 1326 28 0 560 85 
66000 1 2000 114 0 0 1880 5 
66000 2 2000 64 0 0 1935 1 
66000 3 2000 196 1 0 1801 2 
66000 4 2000 69 0 0 1930 1 
66000 5 2000 277 1 0 1718 4 
66000 6 2000 160 0 0 1834 5 
67200 0 2000 1284 36 0 603 76 
67200 1 2000 111 1 0 1884 3 
67200 2 2000 64 0 0 1936 0 
67200 3 2000 196 0 0 1803 1 
67200 4 2000 63 0 0 1937 0 
67200 5 2000 269 1 0 1724 6 
67200 6 2000 164 1 0 1829 5 
68400 0 2000 1285 34 0 585 96 
68400 1 2000 115 0 0 1883 1 
68400 2 2000 79 0 0 1921 0 
68400 3 2000 202 2 0 1794 2 
68400 4 2000 76 0 0 1923 1 
68400 5 2000 270 0 0 1720 10 
68400 6 2000 166 0 0 1831 2 
69600 0 2000 1288 32 0 590 89 
69600 1 2000 109 0 0 1890 1 
69600 2 2000 65 0 0 1934 1 
69600 3 2000 209 2 0 1786 3 
69600 4 2000 64 0 0 1936 0 
69600 5 2000 263 0 0 1732 5 
69600 6 2000 159 0 0 1835 5 
70800 0 2000 1284 36 0 587 92 
70800 1 2000 103 0 0 1895 1 
70800 2 2000 62 0 0 1938 0 
70800 3 2000 207 1 0 1792 0 
70800 4 2000 74 0 0 1925 1 
70800 5 2000 271 4 0 1724 1 
70800 6 2000 160 1 0 1833 5 
72000 0 2000 1298 39 0 569 93 
72000 1 2000 109 0 0 1889 1 
72000 2 2000 62 0 0 1936 2 
72000 3 2000 210 1 0 1788 1 
72000 4 2000 71 0 0 1929 0 
72000 5 2000 267 1 0 1715 17 
72000 6 2000 151 2 0 1840 6 
73200 0 2000 1292 36 0 574 97 
73200 1 2000 113 0 0 1885 1 
73200 2 2000 66 0 0 1933 1 
73200 3 2000 206 0 0 1793 1 
73200 4 2000 68 0 0 1931 1 
73200 5 2000 259 2 0 1732 6 
73200 6 2000 156 1 0 1840 2 
74400 0 2000 1307 39 0 579 74 
74400 1 2000 117 0 0 1882 0 
74400 2 2000 58 0 0 1941 1 
74400 3 2000 200 1 0 1796 3 
74400 4 2000 64 0 0 1931 5 
74400 5 2000 272 3 0 1718 7 
74400 6 2000 164 0 0 1833 2 
75600 0 2000 1312 33 0 577 77 
75600 1 2000 109 0 0 1889 1 
75600 2 2000 71 0 0 1929 0 
75600 3 2000 202 2 0 1788 8 
75600 4 2000 72 0 0 1928 0 
75600 5 2000 275 1 0 1717 7 
75600 6 2000 151 1 0 1844 3 
76800 0 2000 1286 36 0 599 78 
76800 1 2000 109 0 0 1889 1 
76800 2 2000 69 0 0 1930 1 
76800 3 2000 192 2 0 1800 6 
76800 4 2000 65 0 0 1935 0 
76800 5 2000 268 0 0 1728 4 
76800 6 2000 145 0 0 1850 4 
78000 0 2000 1304 28 0 607 60 
78000 1 2000 118 0 0 1880 1 
78000 2 2000 69 0 0 1930 1 
78000 3 2000 201 0 0 1795 4 
78000 4 2000 77 1 0 1922 0 
78000 5 2000 255 2 0 1741 2 
78000 6 2000 152 0 0 1842 5 
79200 0 2000 1307 40 0 584 68 
79200 1 2000 103 0 0 1895 1 
79200 2 2000 77 0 0 1923 0 
79200 3 2000 202 0 0 1795 3 
79200 4 2000 67 0 0 1933 0 
79200 5 2000 261 1 0 1737 1 
79200 6 2000 154 0 0 1844 1 
80400 0 2000 1301 29 0 581 88 
80400 1 2000 115 0 0 1883 2 
80400 2 2000 68 0 0 1932 0 
80400 3 2000 194 0 0 1804 2 
80400 4 2000 68 1 0 1931 0 
80400 5 2000 252 3 0 1738 6 
80400 6 2000 146 0 0 1852 1 
81600 0 2000 1279 36 0 604 80 
81600 1 2000 98 0 0 1900 1 
81600 2 2000 68 0 0 1932 0 
81600 3 2000 204 1 0 1790 5 
81600 4 2000 64 0 0 1936 0 
81600 5 2000 267 0 0 1726 7 
81600 6 2000 150 1 0 1848 0 
82800 0 2000 1275 37 0 587 100 
82800 1 2000 116 0 0 1883 1 
82800 2 2000 70 0 0 1930 0 
82800 3 2000 210 2 0 1786 2 
82800 4 2000 56 0 0 1944 0 
82800 5 2000 268 2 0 1728 2 
82800 6 2000 166 0 0 1830 3 
84000 0 2000 1313 33 0 583 70 
84000 1 2000 100 0 0 1898 1 
84000 2 2000 70 0 0 1929 1 
84000 3 2000 200 2 0 1798 0 
84000 4 2000 66 0 0 1934 0 
84000 5 2000 260 2 0 1735 3 
84000 6 2000 155 1 0 1839 4 
85200 0 2000 1301 32 0 587 79 
85200 1 2000 109 0 0 1888 2 
85200 2 2000 74 1 0 1925 0 
85200 3 2000 203 0 0 1796 1 
85200 4 2000 68 0 0 1932 0 
85200 5 2000 279 1 0 1714 6 
85200 6 2000 151 1 0 1844 3 
86400 0 2000 1277 32 0 570 120 
86400 1 2000 113 0 0 1883 3 
86400 2 2000 69 1 0 1930 0 
86400 3 2000 200 3 0 1789 8 
86400 4 2000 60 0 0 1940 0 
86400 5 2000 253 4 0 1737 6 
86400 6 2000 156 1 0 1839 3 
87600 0 2000 1298 29 0 588 84 
87600 1 2000 103 0 0 1894 2 
87600 2 2000 72 0 0 1928 0 
87600 3 2000 206 0 0 1792 2 
87600 4 2000 61 0 0 1939 0 
87600 5 2000 261 2 0 1725 12 
87600 6 2000 160 0 0 1835 4 
88800 0 2000 1291 33 0 587 88 
88800 1 2000 108 0 0 1890 1 
88800 2 2000 72 0 0 1927 1 
88800 3 2000 198 0 0 1799 3 
88800 4 2000 61 0 0 1939 0 
88800 5 2000 258 3 0 1731 8 
88800 6 2000 154 1 0 1840 4 
90000 0 2000 1323 34 0 572 70 
90000 1 2000 105 0 0 1893 1 
90000 2 2000 63 0 0 1936 1 
90000 3 2000 204 1 0 1785 10 
90000 4 2000 63 0 0 1937 0 
90000 5 2000 264 3 0 1727 6 
90000 6 2000 161 1 0 1836 1 
91200 0 2000 1295 31 0 602 71 
91200 1 2000 111 0 0 1889 0 
91200 2 2000 67 0 0 1933 0 
91200 3 2000 207 0 0 1789 4 
91200 4 2000 64 0 0 1936 0 
91200 5 2000 264 3 0 1720 13 
91200 6 2000 155 0 0 1840 4 
92400 0 2000 1315 35 0 571 78 
92400 1 2000 112 0 0 1886 1 
92400 2 2000 66 0 0 1934 0 
92400 3 2000 195 1 0 1803 1 
92400 4 2000 55 0 0 1945 0 
92400 5 2000 270 1 0 1723 6 
92400 6 2000 157 2 0 1837 3 
93600 0 2000 1296 29 0 603 71 
93600 1 2000 112 0 0 1887 0 
93600 2 2000 71 0 0 1928 1 
93600 3 2000 200 1 0 1798 1 
93600 4 2000 64 0 0 1936 0 
93600 5 2000 264 0 0 1735 1 
93600 6 2000 158 1 0 1839 1 
94800 0 2000 1306 40 0 577 77 
94800 1 2000 113 1 0 1885 1 
94800 2 2000 62 0 0 1938 0 
94800 3 2000 202 0 0 1796 2 
94800 4 2000 56 0 0 1944 0 
94800 5 2000 257 2 0 1735 6 
94800 6 2000 156 0 0 1842 2 
96000 0 2000 1287 36 0 590 87 
96000 1 2000 101 0 0 1899 0 
96000 2 2000 72 0 0 1928 0 
96000 3 2000 209 2 0 1788 1 
96000 4 2000 66 0 0 1934 0 
96000 5 2000 252 2 0 1744 2 
96000 6 2000 165 0 0 1834 1 
97200 0 2000 1311 30 0 592 67 
97200 1 2000 103 0 0 1897 0 
97200 2 2000 64 0 0 1936 0 
97200 3 2000 195 0 0 1803 2 
97200 4 2000 67 0 0 1933 0 
97200 5 2000 256 2 0 1739 3 
97200 6 2000 153 1 0 1845 1 
98400 0 2000 1317 27 0 593 63 
98400 1 2000 100 0 0 1899 1 
98400 2 2000 64 0 0 1936 0 
98400 3 2000 205 0 0 1793 2 
98400 4 2000 56 0 0 1944 0 
98400 5 2000 254 3 0 1739 4 
98400 6 2000 159 1 0 1838 2 
99600 0 2000 1296 33 0 610 61 
99600 1 2000 110 0 0 1888 2 
99600 2 2000 63 0 0 1937 0 
99600 3 2000 188 1 0 1808 3 
99600 4 2000 61 0 0 1939 0 
99600 5 2000 267 3 0 1722 8 
99600 6 2000 154 0 0 1843 3 
100800 0 2000 1303 33 0 574 90 
100800 1 2000 102 0 0 1897 1 
100800 2 2000 60 0 0 1940 0 
100800 3 2000 213 1 0 1785 1 
100800 4 2000 65 0 0 1935 0 
100800 5 2000 261 2 0 1727 10 
100800 6 2000 156 3 0 1837 4 
102000 0 2000 1289 29 0 599 83 
102000 1 2000 105 0 0 1894 1 
102000 2 2000 66 0 0 1934 0 
102000 3 2000 201 0 0 1799 0 
102000 4 2000 69 1 0 1930 0 
102000 5 2000 266 0 0 1728 6 
102000 6 2000 154 0 0 1844 2 
103200 0 2000 1301 30 0 583 86 
103200 1 2000 107 0 0 1892 1 
103200 2 2000 70 0 0 1929 1 
103200 3 2000 199 1 0 1798 2 
103200 4 2000 69 0 0 1931 0 
103200 5 2000 263 2 0 1725 10 
103200 6 2000 150 1 0 1847 2 
104400 0 2000 1292 31 0 589 88 
104400 1 2000 107 0 0 1893 0 
104400 2 2000 76 0 0 1924 0 
104400 3 2000 201 1 0 1796 2 
104400 4 2000 61 0 0 1939 0 
104400 5 2000 265 0 0 1728 7 
104400 6 2000 153 1 0 1840 6 
105600 0 2000 1321 22 0 592 65 
105600 1 2000 113 0 0 1886 1 
105600 2 2000 64 1 0 1935 0 
105600 3 2000 198 2 0 1793 7 
105600 4 2000 67 0 0 1933 0 
105600 5 2000 265 4 0 1719 12 
105600 6 2000 153 0 0 1842 5 
106800 0 2000 1319 28 0 584 69 
106800 1 2000 100 0 0 1898 2 
106800 2 2000 58 0 0 1942 0 
106800 3 2000 200 1 0 1796 3 
106800 4 2000 67 0 0 1933 0 
106800 5 2000 259 3 0 1731 7 
106800 6 2000 153 1 0 1845 1 
108000 0 2000 1311 36 0 580 73 
108000 1 2000 113 0 0 1886 1 
108000 2 2000 65 0 0 1935 0 
108000 3 2000 208 1 0 1788 3 
108000 4 2000 59 0 0 1941 0 
108000 5 2000 255 3 0 1738 4 
108000 6 2000 156 1 0 1842 1 
109200 0 2000 1306 40 0 606 48 
109200 1 2000 101 0 0 1898 1 
109200 2 2000 73 0 0 1927 0 
109200 3 2000 184 1 0 1812 3 
109200 4 2000 66 0 0 1934 0 
109200 5 2000 265 0 0 1730 5 
109200 6 2000 157 0 0 1841 2 
110400 0 2000 1304 46 0 594 56 
110400 1 2000 102 0 0 1896 2 
110400 2 2000 73 0 0 1925 2 
110400 3 2000 195 1 0 1801 3 
110400 4 2000 65 1 0 1933 1 
110400 5 2000 269 2 0 1724 5 
110400 6 2000 153 1 0 1843 3 
111600 0 2000 1295 36 0 596 73 
111600 1 2000 94 0 0 1905 1 
111600 2 2000 63 1 0 1936 0 
111600 3 2000 185 1 0 1812 2 
111600 4 2000 64 0 0 1936 0 
111600 5 2000 253 1 0 1738 8 
111600 6 2000 148 0 0 1850 2 
112800 0 2000 1323 33 0 580 64 
112800 1 2000 105 0 0 1895 0 
112800 2 2000 61 0 0 1939 0 
112800 3 2000 199 0 0 1801 0 
112800 4 2000 69 0 0 1931 0 
112800 5 2000 263 2 0 1735 0 
112800 6 2000 158 0 0 1839 3 
114000 0 2000 1280 29 0 605 86 
114000 1 2000 112 0 0 1888 0 
114000 2 2000 61 1 0 1938 0 
114000 3 2000 201 0 0 1797 2 
114000 4 2000 60 0 0 1940 0 
114000 5 2000 262 4 0 1730 4 
114000 6 2000 156 1 0 1840 3 
115200 0 2000 1300 26 0 597 77 
115200 1 2000 97 0 0 1903 0 
115200 2 2000 68 0 0 1931 1 
115200 3 2000 193 2 0 1796 9 
115200 4 2000 71 0 0 1929 0 
115200 5 2000 258 2 0 1736 4 
115200 6 2000 153 1 0 1844 2 
116400 0 2000 1311 32 0 575 82 
116400 1 2000 104 0 0 1894 2 
116400 2 2000 70 1 0 1929 0 
116400 3 2000 197 1 0 1798 4 
116400 4 2000 55 0 0 1945 0 
116400 5 2000 265 2 0 1726 7 
116400 6 2000 160 0 0 1837 3 
117600 0 2000 1326 24 0 583 67 
117600 1 2000 100 0 0 1898 2 
117600 2 2000 63 0 0 1936 1 
117600 3 2000 184 0 0 1813 3 
117600 4 2000 69 0 0 1931 0 
117600 5 2000 256 2 0 1735 7 
117600 6 2000 150 0 0 1846 4 
118800 0 2000 1281 26 0 596 97 
118800 1 2000 109 0 0 1890 1 
118800 2 2000 61 0 0 1939 0 
118800 3 2000 201 2 0 1797 0 
118800 4 2000 71 0 0 1929 0 
118800 5 2000 258 2 0 1733 7 
118800 6 2000 151 0 0 1846 3 
