0 0 0 0 0 0 0 0 
1200 0 1000 547 16 0 437 0 
2400 0 1000 550 21 0 429 0 
3600 0 1000 535 14 0 451 0 
4800 0 1000 544 10 0 446 0 
6000 0 1000 541 21 0 438 0 
7200 0 1000 556 16 0 427 0 
8400 0 1000 532 20 0 447 0 
9600 0 1000 548 13 0 438 0 
10800 0 1000 541 10 0 448 0 
12000 0 1000 517 20 0 463 0 
13200 0 1000 567 13 0 419 0 
14400 0 1000 555 25 0 419 0 
15600 0 1000 541 17 0 441 0 
16800 0 1000 544 17 0 439 0 
18000 0 1000 519 14 0 435 32 
19200 0 1000 529 15 0 428 28 
20400 0 1000 543 16 0 425 15 
21600 0 1000 555 15 0 405 24 
22800 0 1000 515 15 0 442 28 
24000 0 1000 525 14 0 423 38 
25200 0 1000 527 24 0 422 26 
26400 0 1000 531 18 0 425 25 
27600 0 1000 547 17 0 413 23 
28800 0 1000 554 25 0 398 22 
30000 0 1000 547 17 0 412 23 
31200 0 1000 535 20 0 410 34 
32400 0 1000 555 22 0 371 52 
33600 0 1000 540 16 0 415 28 
34800 0 1000 547 8 0 427 17 
36000 0 1000 544 12 0 411 32 
37200 0 1000 546 25 0 414 15 
38400 0 1000 548 20 0 408 24 
39600 0 1000 559 15 0 407 18 
40800 0 1000 568 18 0 392 21 
42000 0 1000 556 22 0 393 28 
43200 0 1000 561 20 0 374 45 
44400 0 1000 563 19 0 389 28 
45600 0 1000 560 20 0 389 30 
46800 0 1000 550 21 0 379 49 
48000 0 1000 562 22 0 392 23 
49200 0 1000 554 29 0 386 30 
50400 0 1000 565 20 0 388 26 
51600 0 1000 571 20 0 393 15 
52800 0 1000 553 20 0 394 32 
54000 0 1000 580 20 0 372 27 
55200 0 1000 561 28 0 377 33 
56400 0 1000 581 17 0 355 46 
57600 0 1000 564 24 0 373 38 
58800 0 1000 551 21 0 390 37 
60000 0 1000 576 22 0 361 40 
61200 0 1000 605 22 0 341 31 
62400 0 1000 592 25 0 351 32 
63600 0 1000 600 22 0 350 27 
64800 0 1000 587 26 0 360 26 
66000 0 1000 593 19 0 357 31 
67200 0 1000 569 24 0 367 39 
68400 0 1000 585 24 0 352 38 
69600 0 1000 601 23 0 347 28 
70800 0 1000 586 22 0 354 37 
72000 0 1000 603 18 0 341 37 
73200 0 1000 601 24 0 342 32 
74400 0 1000 595 32 0 333 39 
75600 0 1000 604 28 0 337 30 
76800 0 1000 585 24 0 356 35 
78000 0 1000 623 21 0 319 36 
79200 0 1000 609 22 0 331 37 
80400 0 1000 615 24 0 319 41 
81600 0 1000 602 16 0 328 53 
82800 0 1000 607 32 0 321 39 
84000 0 1000 622 25 0 318 34 
85200 0 1000 611 33 0 319 36 
86400 0 1000 610 25 0 320 44 
87600 0 1000 627 33 0 310 29 
88800 0 1000 601 23 0 334 41 
90000 0 1000 612 27 0 299 61 
91200 0 1000 604 34 0 325 37 
92400 0 1000 633 28 0 296 43 
93600 0 1000 618 28 0 310 43 
94800 0 1000 604 27 0 315 53 
96000 0 1000 635 34 0 304 26 
97200 0 1000 622 31 0 306 40 
98400 0 1000 638 35 0 297 29 
99600 0 1000 619 39 0 318 23 
100800 0 1000 616 34 0 311 38 
102000 0 1000 655 30 0 283 32 
103200 0 1000 640 32 0 290 37 
104400 0 1000 627 29 0 323 20 
105600 0 1000 642 33 0 286 38 
106800 0 1000 633 31 0 298 37 
108000 0 1000 659 29 0 281 30 
109200 0 1000 663 23 0 274 39 
110400 0 1000 668 23 0 283 26 
111600 0 1000 619 27 0 315 38 
112800 0 1000 658 26 0 270 45 
114000 0 1000 625 40 0 290 44 
115200 0 1000 644 27 0 281 47 
116400 0 1000 670 24 0 264 42 
117600 0 1000 641 34 0 287 37 
118800 0 1000 681 30 0 252 36 
