0 0.000000 0.000000
1200 1000.000000 543.000000
2400 1000.000000 519.000000
3600 1000.000000 549.000000
4800 1000.000000 541.000000
6000 1000.000000 535.000000
7200 1000.000000 545.000000
8400 1000.000000 550.000000
9600 1000.000000 547.000000
10800 1000.000000 553.000000
12000 1000.000000 550.000000
13200 1000.000000 560.000000
14400 1000.000000 548.000000
15600 1000.000000 546.000000
16800 1000.000000 534.000000
18000 1000.000000 498.000000
19200 1000.000000 507.000000
20400 1000.000000 537.000000
21600 1000.000000 518.000000
22800 1000.000000 473.000000
24000 1000.000000 519.000000
25200 1000.000000 508.000000
26400 1000.000000 510.000000
27600 1000.000000 531.000000
28800 1000.000000 500.000000
30000 1000.000000 497.000000
31200 1000.000000 493.000000
32400 1000.000000 534.000000
33600 1000.000000 510.000000
34800 1000.000000 503.000000
36000 1000.000000 530.000000
37200 1000.000000 515.000000
38400 1000.000000 516.000000
39600 1000.000000 526.000000
40800 1000.000000 502.000000
42000 1000.000000 507.000000
43200 1000.000000 510.000000
44400 1000.000000 496.000000
45600 1000.000000 490.000000
46800 1000.000000 537.000000
48000 1000.000000 511.000000
49200 1000.000000 510.000000
50400 1000.000000 499.000000
51600 1000.000000 499.000000
52800 1000.000000 484.000000
54000 1000.000000 474.000000
55200 1000.000000 491.000000
56400 1000.000000 490.000000
57600 1000.000000 504.000000
58800 1000.000000 477.000000
60000 1000.000000 508.000000
61200 1000.000000 503.000000
62400 1000.000000 492.000000
63600 1000.000000 496.000000
64800 1000.000000 491.000000
66000 1000.000000 485.000000
67200 1000.000000 495.000000
68400 1000.000000 486.000000
69600 1000.000000 484.000000
70800 1000.000000 484.000000
72000 1000.000000 515.000000
73200 1000.000000 485.000000
74400 1000.000000 499.000000
75600 1000.000000 466.000000
76800 1000.000000 490.000000
78000 1000.000000 490.000000
79200 1000.000000 500.000000
80400 1000.000000 501.000000
81600 1000.000000 480.000000
82800 1000.000000 489.000000
84000 1000.000000 506.000000
85200 1000.000000 497.000000
86400 1000.000000 503.000000
87600 1000.000000 490.000000
88800 1000.000000 486.000000
90000 1000.000000 473.000000
91200 1000.000000 510.000000
92400 1000.000000 501.000000
93600 1000.000000 490.000000
94800 1000.000000 498.000000
96000 1000.000000 501.000000
97200 1000.000000 481.000000
98400 1000.000000 487.000000
99600 1000.000000 503.000000
100800 1000.000000 484.000000
102000 1000.000000 504.000000
103200 1000.000000 473.000000
104400 1000.000000 500.000000
105600 1000.000000 481.000000
106800 1000.000000 499.000000
108000 1000.000000 494.000000
109200 1000.000000 482.000000
110400 1000.000000 472.000000
111600 1000.000000 495.000000
112800 1000.000000 483.000000
114000 1000.000000 486.000000
115200 1000.000000 506.000000
116400 1000.000000 468.000000
117600 1000.000000 505.000000
118800 1000.000000 505.000000
