0 0 0 0 0 0 0 0 
1200 0 1000 543 22 0 434 0 
2400 0 1000 519 24 0 456 0 
3600 0 1000 549 17 0 433 0 
4800 0 1000 541 17 0 442 0 
6000 0 1000 535 17 0 448 0 
7200 0 1000 545 15 0 439 0 
8400 0 1000 550 11 0 438 0 
9600 0 1000 547 16 0 436 0 
10800 0 1000 553 19 0 428 0 
12000 0 1000 550 19 0 430 0 
13200 0 1000 560 16 0 424 0 
14400 0 1000 548 12 0 440 0 
15600 0 1000 546 16 0 437 0 
16800 0 1000 534 12 0 454 0 
18000 0 1000 498 10 0 430 61 
19200 0 1000 507 18 0 423 52 
20400 0 1000 537 14 0 405 44 
21600 0 1000 518 15 0 435 31 
22800 0 1000 473 19 0 454 53 
24000 0 1000 519 10 0 415 56 
25200 0 1000 508 6 0 426 59 
26400 0 1000 510 18 0 426 46 
27600 0 1000 531 12 0 421 36 
28800 0 1000 500 10 0 442 48 
30000 0 1000 497 11 0 447 45 
31200 0 1000 493 7 0 457 43 
32400 0 1000 534 9 0 415 42 
33600 0 1000 510 11 0 445 33 
34800 0 1000 503 6 0 462 29 
36000 0 1000 530 8 0 440 22 
37200 0 1000 515 4 0 445 36 
38400 0 1000 516 10 0 444 30 
39600 0 1000 526 3 0 432 39 
40800 0 1000 502 7 0 443 48 
42000 0 1000 507 5 0 442 46 
43200 0 1000 510 1 0 423 66 
44400 0 1000 496 6 0 464 34 
45600 0 1000 490 6 0 463 41 
46800 0 1000 537 6 0 422 35 
48000 0 1000 511 7 0 438 44 
49200 0 1000 510 2 0 459 29 
50400 0 1000 499 7 0 463 31 
51600 0 1000 499 0 0 457 44 
52800 0 1000 484 11 0 470 35 
54000 0 1000 474 7 0 472 47 
55200 0 1000 491 3 0 461 45 
56400 0 1000 490 5 0 453 52 
57600 0 1000 504 6 0 460 30 
58800 0 1000 477 3 0 486 34 
60000 0 1000 508 5 0 451 36 
61200 0 1000 503 6 0 451 40 
62400 0 1000 492 6 0 477 25 
63600 0 1000 496 5 0 459 40 
64800 0 1000 491 3 0 467 39 
66000 0 1000 485 2 0 480 33 
67200 0 1000 495 7 0 454 44 
68400 0 1000 486 4 0 454 56 
69600 0 1000 484 3 0 486 27 
70800 0 1000 484 5 0 477 34 
72000 0 1000 515 2 0 459 24 
73200 0 1000 485 6 0 476 33 
74400 0 1000 499 1 0 460 40 
75600 0 1000 466 4 0 509 21 
76800 0 1000 490 5 0 467 38 
78000 0 1000 490 5 0 465 40 
79200 0 1000 500 5 0 466 29 
80400 0 1000 501 3 0 464 32 
81600 0 1000 480 2 0 482 36 
82800 0 1000 489 2 0 474 35 
84000 0 1000 506 4 0 472 18 
85200 0 1000 497 2 0 456 45 
86400 0 1000 503 9 0 469 19 
87600 0 1000 490 2 0 493 15 
88800 0 1000 486 3 0 481 30 
90000 0 1000 473 3 0 491 33 
91200 0 1000 510 5 0 437 48 
92400 0 1000 501 6 0 467 26 
93600 0 1000 490 5 0 483 22 
94800 0 1000 498 3 0 472 27 
96000 0 1000 501 5 0 461 33 
97200 0 1000 481 1 0 491 27 
98400 0 1000 487 3 0 479 31 
99600 0 1000 503 0 0 474 23 
100800 0 1000 484 6 0 483 27 
102000 0 1000 504 4 0 471 21 
103200 0 1000 473 2 0 497 28 
104400 0 1000 500 3 0 465 32 
105600 0 1000 481 5 0 471 43 
106800 0 1000 499 1 0 468 32 
108000 0 1000 494 2 0 466 38 
109200 0 1000 482 2 0 492 24 
110400 0 1000 472 2 0 507 19 
111600 0 1000 495 1 0 468 36 
112800 0 1000 483 3 0 480 34 
114000 0 1000 486 3 0 471 40 
115200 0 1000 506 6 0 455 33 
116400 0 1000 468 7 0 496 29 
117600 0 1000 505 2 0 459 34 
118800 0 1000 505 1 0 466 28 
