0 0.000000 0.000000
1200 2000.000000 1445.000000
2400 2000.000000 1440.000000
3600 2000.000000 1451.000000
4800 2000.000000 1463.000000
6000 2000.000000 1480.000000
7200 2000.000000 1466.000000
8400 2000.000000 1465.000000
9600 2000.000000 1478.000000
10800 2000.000000 1438.000000
12000 2000.000000 1456.000000
13200 2000.000000 1446.000000
14400 2000.000000 1463.000000
15600 2000.000000 1468.000000
16800 2000.000000 1457.000000
18000 2000.000000 1446.000000
19200 2000.000000 1435.000000
20400 2000.000000 1460.000000
21600 2000.000000 1441.000000
22800 2000.000000 1449.000000
24000 2000.000000 1451.000000
25200 2000.000000 1439.000000
26400 2000.000000 1438.000000
27600 2000.000000 1444.000000
28800 2000.000000 1466.000000
30000 2000.000000 1438.000000
31200 2000.000000 1435.000000
32400 2000.000000 1458.000000
33600 2000.000000 1426.000000
34800 2000.000000 1454.000000
36000 2000.000000 1437.000000
37200 2000.000000 1438.000000
38400 2000.000000 1444.000000
39600 2000.000000 1462.000000
40800 2000.000000 1450.000000
42000 2000.000000 1462.000000
43200 2000.000000 1470.000000
44400 2000.000000 1468.000000
45600 2000.000000 1458.000000
46800 2000.000000 1431.000000
48000 2000.000000 1475.000000
49200 2000.000000 1473.000000
50400 2000.000000 1466.000000
51600 2000.000000 1460.000000
52800 2000.000000 1462.000000
54000 2000.000000 1476.000000
55200 2000.000000 1477.000000
56400 2000.000000 1490.000000
57600 2000.000000 1479.000000
58800 2000.000000 1486.000000
60000 2000.000000 1478.000000
61200 2000.000000 1470.000000
62400 2000.000000 1470.000000
63600 2000.000000 1480.000000
64800 2000.000000 1475.000000
66000 2000.000000 1473.000000
67200 2000.000000 1479.000000
68400 2000.000000 1470.000000
69600 2000.000000 1473.000000
70800 2000.000000 1482.000000
72000 2000.000000 1482.000000
73200 2000.000000 1481.000000
74400 2000.000000 1521.000000
75600 2000.000000 1480.000000
76800 2000.000000 1496.000000
78000 2000.000000 1481.000000
79200 2000.000000 1494.000000
80400 2000.000000 1503.000000
81600 2000.000000 1488.000000
82800 2000.000000 1499.000000
84000 2000.000000 1506.000000
85200 2000.000000 1487.000000
86400 2000.000000 1497.000000
87600 2000.000000 1493.000000
88800 2000.000000 1511.000000
90000 2000.000000 1503.000000
91200 2000.000000 1504.000000
92400 2000.000000 1490.000000
93600 2000.000000 1493.000000
94800 2000.000000 1516.000000
96000 2000.000000 1499.000000
97200 2000.000000 1502.000000
98400 2000.000000 1496.000000
99600 2000.000000 1496.000000
100800 2000.000000 1491.000000
102000 2000.000000 1520.000000
103200 2000.000000 1509.000000
104400 2000.000000 1516.000000
105600 2000.000000 1523.000000
106800 2000.000000 1497.000000
108000 2000.000000 1498.000000
109200 2000.000000 1513.000000
110400 2000.000000 1497.000000
111600 2000.000000 1496.000000
112800 2000.000000 1504.000000
114000 2000.000000 1508.000000
115200 2000.000000 1508.000000
116400 2000.000000 1502.000000
117600 2000.000000 1518.000000
118800 2000.000000 1521.000000
