0 0 0 0 0 0 0 0 
0 1 0 0 0 0 0 0 
0 2 0 0 0 0 0 0 
0 3 0 0 0 0 0 0 
0 4 0 0 0 0 0 0 
0 5 0 0 0 0 0 0 
0 6 0 0 0 0 0 0 
1200 0 2000 1232 80 0 686 0 
1200 1 2000 255 0 0 1745 0 
1200 2 2000 122 2 0 1876 0 
1200 3 2000 354 8 0 1637 0 
1200 4 2000 139 2 0 1857 0 
1200 5 2000 508 14 0 1476 0 
1200 6 2000 285 0 0 1715 0 
2400 0 2000 1227 83 0 690 0 
2400 1 2000 241 4 0 1755 0 
2400 2 2000 137 2 0 1861 0 
2400 3 2000 366 7 0 1627 0 
2400 4 2000 136 2 0 1862 0 
2400 5 2000 516 16 0 1468 0 
2400 6 2000 261 5 0 1734 0 
3600 0 2000 1218 94 0 688 0 
3600 1 2000 243 3 0 1754 0 
3600 2 2000 123 1 0 1876 0 
3600 3 2000 367 9 0 1624 0 
3600 4 2000 145 1 0 1854 0 
3600 5 2000 485 25 0 1490 0 
3600 6 2000 276 6 0 1718 0 
4800 0 2000 1232 83 0 683 0 
4800 1 2000 247 4 0 1748 0 
4800 2 2000 127 0 0 1873 0 
4800 3 2000 367 9 0 1623 0 
4800 4 2000 128 3 0 1868 0 
4800 5 2000 522 7 0 1469 0 
4800 6 2000 274 3 0 1722 0 
6000 0 2000 1220 82 0 697 0 
6000 1 2000 231 3 0 1765 0 
6000 2 2000 128 1 0 1871 0 
6000 3 2000 360 10 0 1630 0 
6000 4 2000 137 3 0 1860 0 
6000 5 2000 490 18 0 1492 0 
6000 6 2000 270 4 0 1725 0 
7200 0 2000 1209 80 0 710 0 
7200 1 2000 233 2 0 1764 0 
7200 2 2000 127 1 0 1872 0 
7200 3 2000 345 6 0 1649 0 
7200 4 2000 142 3 0 1855 0 
7200 5 2000 504 16 0 1480 0 
7200 6 2000 264 2 0 1733 0 
8400 0 2000 1223 95 0 681 0 
8400 1 2000 255 5 0 1740 0 
8400 2 2000 124 1 0 1875 0 
8400 3 2000 357 11 0 1632 0 
8400 4 2000 129 1 0 1869 0 
8400 5 2000 506 12 0 1482 0 
8400 6 2000 281 10 0 1709 0 
9600 0 2000 1218 96 0 685 0 
9600 1 2000 245 2 0 1753 0 
9600 2 2000 135 1 0 1864 0 
9600 3 2000 349 9 0 1641 0 
9600 4 2000 147 2 0 1850 0 
9600 5 2000 515 10 0 1474 0 
9600 6 2000 257 2 0 1741 0 
10800 0 2000 1215 93 0 690 0 
10800 1 2000 245 4 0 1750 0 
10800 2 2000 121 3 0 1876 0 
10800 3 2000 370 10 0 1620 0 
10800 4 2000 137 0 0 1863 0 
10800 5 2000 521 16 0 1463 0 
10800 6 2000 263 7 0 1729 0 
12000 0 2000 1203 96 0 698 0 
12000 1 2000 239 7 0 1753 0 
12000 2 2000 130 0 0 1870 0 
12000 3 2000 345 6 0 1649 0 
12000 4 2000 135 0 0 1864 0 
12000 5 2000 472 19 0 1508 0 
12000 6 2000 257 9 0 1733 0 
13200 0 2000 1196 90 0 713 0 
13200 1 2000 253 3 0 1744 0 
13200 2 2000 123 1 0 1876 0 
13200 3 2000 357 5 0 1638 0 
13200 4 2000 137 0 0 1863 0 
13200 5 2000 499 17 0 1484 0 
13200 6 2000 267 3 0 1730 0 
14400 0 2000 1208 99 0 691 0 
14400 1 2000 241 8 0 1750 0 
14400 2 2000 125 2 0 1873 0 
14400 3 2000 355 5 0 1640 0 
14400 4 2000 136 0 0 1863 0 
14400 5 2000 503 13 0 1484 0 
14400 6 2000 275 5 0 1719 0 
15600 0 2000 1216 86 0 695 0 
15600 1 2000 251 2 0 1746 0 
15600 2 2000 126 1 0 1873 0 
15600 3 2000 366 6 0 1627 0 
15600 4 2000 132 2 0 1865 0 
15600 5 2000 510 18 0 1471 0 
15600 6 2000 267 3 0 1729 0 
16800 0 2000 1213 96 0 690 0 
16800 1 2000 249 2 0 1749 0 
16800 2 2000 124 1 0 1875 0 
16800 3 2000 366 7 0 1626 0 
16800 4 2000 132 0 0 1867 0 
16800 5 2000 499 16 0 1484 0 
16800 6 2000 263 2 0 1735 0 
18000 0 2000 1146 72 0 659 122 
18000 1 2000 239 4 0 1743 14 
18000 2 2000 127 1 0 1867 5 
18000 3 2000 330 11 0 1638 20 
18000 4 2000 123 4 0 1861 11 
18000 5 2000 492 14 0 1467 26 
18000 6 2000 256 1 0 1727 16 
19200 0 2000 1139 90 0 691 78 
19200 1 2000 247 2 0 1730 21 
19200 2 2000 125 1 0 1870 4 
19200 3 2000 356 9 0 1621 14 
19200 4 2000 127 1 0 1856 15 
19200 5 2000 514 15 0 1441 29 
19200 6 2000 275 2 0 1704 18 
20400 0 2000 1140 76 0 645 137 
20400 1 2000 237 5 0 1743 14 
20400 2 2000 129 1 0 1852 18 
20400 3 2000 365 7 0 1596 31 
20400 4 2000 128 2 0 1863 7 
20400 5 2000 486 15 0 1458 39 
20400 6 2000 258 3 0 1716 22 
21600 0 2000 1156 91 0 678 72 
21600 1 2000 250 5 0 1719 25 
21600 2 2000 130 1 0 1858 11 
21600 3 2000 339 8 0 1627 25 
21600 4 2000 144 2 0 1845 7 
21600 5 2000 483 18 0 1472 25 
21600 6 2000 282 5 0 1697 15 
22800 0 2000 1127 87 0 668 117 
22800 1 2000 253 7 0 1724 15 
22800 2 2000 124 0 0 1865 11 
22800 3 2000 369 4 0 1608 19 
22800 4 2000 128 2 0 1866 4 
22800 5 2000 501 9 0 1474 15 
22800 6 2000 281 2 0 1690 26 
24000 0 2000 1132 97 0 641 130 
24000 1 2000 239 6 0 1741 14 
24000 2 2000 138 1 0 1855 6 
24000 3 2000 366 7 0 1594 33 
24000 4 2000 125 1 0 1871 3 
24000 5 2000 490 19 0 1446 45 
24000 6 2000 266 6 0 1714 14 
25200 0 2000 1129 88 0 679 103 
25200 1 2000 249 6 0 1731 14 
25200 2 2000 127 1 0 1870 2 
25200 3 2000 348 7 0 1614 30 
25200 4 2000 131 2 0 1861 5 
25200 5 2000 512 17 0 1444 26 
25200 6 2000 276 10 0 1695 19 
26400 0 2000 1163 76 0 666 92 
26400 1 2000 238 3 0 1754 4 
26400 2 2000 134 1 0 1865 0 
26400 3 2000 350 5 0 1633 11 
26400 4 2000 125 1 0 1860 14 
26400 5 2000 483 16 0 1486 14 
26400 6 2000 277 5 0 1712 5 
27600 0 2000 1161 110 0 633 95 
27600 1 2000 232 0 0 1761 7 
27600 2 2000 126 2 0 1868 4 
27600 3 2000 366 5 0 1609 20 
27600 4 2000 128 3 0 1862 6 
27600 5 2000 486 11 0 1462 41 
27600 6 2000 275 0 0 1705 20 
28800 0 2000 1167 80 0 651 102 
28800 1 2000 237 4 0 1744 15 
28800 2 2000 122 0 0 1873 5 
28800 3 2000 357 8 0 1603 32 
28800 4 2000 146 2 0 1843 9 
28800 5 2000 500 10 0 1457 33 
28800 6 2000 257 6 0 1718 19 
30000 0 2000 1139 102 0 619 139 
30000 1 2000 237 7 0 1731 25 
30000 2 2000 118 1 0 1868 13 
30000 3 2000 337 8 0 1629 26 
30000 4 2000 131 2 0 1860 7 
30000 5 2000 484 17 0 1466 33 
30000 6 2000 282 5 0 1695 18 
31200 0 2000 1162 86 0 637 114 
31200 1 2000 234 2 0 1749 14 
31200 2 2000 125 1 0 1868 6 
31200 3 2000 359 8 0 1603 30 
31200 4 2000 145 4 0 1842 9 
31200 5 2000 501 7 0 1461 31 
31200 6 2000 266 4 0 1711 18 
32400 0 2000 1144 83 0 647 126 
32400 1 2000 233 6 0 1746 15 
32400 2 2000 124 4 0 1865 7 
32400 3 2000 351 10 0 1614 25 
32400 4 2000 134 0 0 1854 12 
32400 5 2000 501 14 0 1445 40 
32400 6 2000 259 3 0 1722 16 
33600 0 2000 1165 95 0 626 113 
33600 1 2000 238 7 0 1737 17 
33600 2 2000 129 0 0 1870 1 
33600 3 2000 355 6 0 1612 27 
33600 4 2000 144 1 0 1840 15 
33600 5 2000 509 16 0 1437 38 
33600 6 2000 288 2 0 1704 5 
34800 0 2000 1169 67 0 655 109 
34800 1 2000 238 5 0 1744 13 
34800 2 2000 123 8 0 1861 8 
34800 3 2000 353 9 0 1618 20 
34800 4 2000 133 1 0 1861 5 
34800 5 2000 485 22 0 1455 38 
34800 6 2000 265 4 0 1716 15 
36000 0 2000 1132 106 0 633 127 
36000 1 2000 245 7 0 1737 11 
36000 2 2000 133 1 0 1854 12 
36000 3 2000 372 8 0 1594 25 
36000 4 2000 124 2 0 1868 5 
36000 5 2000 506 20 0 1443 30 
36000 6 2000 264 2 0 1721 13 
37200 0 2000 1157 96 0 639 108 
37200 1 2000 220 5 0 1761 14 
37200 2 2000 115 1 0 1877 7 
37200 3 2000 368 9 0 1598 25 
37200 4 2000 145 5 0 1838 11 
37200 5 2000 483 21 0 1457 39 
37200 6 2000 276 3 0 1707 14 
38400 0 2000 1157 90 0 626 125 
38400 1 2000 240 1 0 1745 13 
38400 2 2000 129 1 0 1867 3 
38400 3 2000 357 10 0 1625 8 
38400 4 2000 143 0 0 1851 6 
38400 5 2000 489 18 0 1438 55 
38400 6 2000 271 4 0 1712 12 
39600 0 2000 1145 99 0 658 98 
39600 1 2000 240 3 0 1742 15 
39600 2 2000 124 0 0 1870 6 
39600 3 2000 330 8 0 1642 20 
39600 4 2000 132 1 0 1857 9 
39600 5 2000 493 17 0 1471 19 
39600 6 2000 282 4 0 1694 20 
40800 0 2000 1152 107 0 632 108 
40800 1 2000 260 6 0 1723 11 
40800 2 2000 135 0 0 1858 7 
40800 3 2000 354 11 0 1616 19 
40800 4 2000 143 2 0 1845 9 
40800 5 2000 497 23 0 1451 29 
40800 6 2000 271 11 0 1708 10 
42000 0 2000 1166 76 0 626 129 
42000 1 2000 247 4 0 1741 8 
42000 2 2000 131 2 0 1862 5 
42000 3 2000 363 2 0 1602 32 
42000 4 2000 120 0 0 1873 6 
42000 5 2000 494 19 0 1463 23 
42000 6 2000 282 4 0 1703 10 
43200 0 2000 1159 80 0 613 147 
43200 1 2000 236 6 0 1744 14 
43200 2 2000 131 0 0 1867 2 
43200 3 2000 350 6 0 1601 43 
43200 4 2000 146 1 0 1848 5 
43200 5 2000 523 15 0 1448 14 
43200 6 2000 274 2 0 1698 26 
44400 0 2000 1190 85 0 591 132 
44400 1 2000 223 8 0 1745 24 
44400 2 2000 115 2 0 1875 8 
44400 3 2000 363 11 0 1602 23 
44400 4 2000 135 0 0 1859 4 
44400 5 2000 487 12 0 1465 35 
44400 6 2000 286 6 0 1689 19 
45600 0 2000 1162 89 0 625 124 
45600 1 2000 254 4 0 1740 2 
45600 2 2000 128 3 0 1860 9 
45600 3 2000 367 9 0 1605 19 
45600 4 2000 128 0 0 1872 0 
45600 5 2000 528 21 0 1418 33 
45600 6 2000 269 5 0 1710 16 
46800 0 2000 1131 89 0 633 146 
46800 1 2000 253 2 0 1718 27 
46800 2 2000 131 2 0 1852 15 
46800 3 2000 359 9 0 1600 32 
46800 4 2000 142 0 0 1845 13 
46800 5 2000 511 15 0 1421 53 
46800 6 2000 284 7 0 1691 17 
48000 0 2000 1149 97 0 639 112 
48000 1 2000 254 2 0 1732 11 
48000 2 2000 148 2 0 1846 4 
48000 3 2000 358 8 0 1608 25 
48000 4 2000 142 3 0 1850 4 
48000 5 2000 512 23 0 1424 39 
48000 6 2000 273 6 0 1705 15 
49200 0 2000 1183 107 0 597 113 
49200 1 2000 242 5 0 1742 11 
49200 2 2000 131 0 0 1860 9 
49200 3 2000 375 8 0 1597 20 
49200 4 2000 144 0 0 1852 4 
49200 5 2000 507 20 0 1444 29 
49200 6 2000 273 5 0 1708 14 
50400 0 2000 1157 100 0 575 167 
50400 1 2000 257 2 0 1725 15 
50400 2 2000 133 1 0 1852 14 
50400 3 2000 395 13 0 1560 32 
50400 4 2000 151 3 0 1835 11 
50400 5 2000 521 13 0 1422 44 
50400 6 2000 274 5 0 1703 17 
51600 0 2000 1167 104 0 600 127 
51600 1 2000 247 6 0 1730 17 
51600 2 2000 132 1 0 1860 7 
51600 3 2000 369 8 0 1603 19 
51600 4 2000 153 0 0 1838 7 
51600 5 2000 520 14 0 1446 19 
51600 6 2000 262 7 0 1717 14 
52800 0 2000 1163 102 0 609 125 
52800 1 2000 259 6 0 1725 10 
52800 2 2000 138 2 0 1845 15 
52800 3 2000 357 9 0 1601 32 
52800 4 2000 144 2 0 1845 8 
52800 5 2000 513 15 0 1435 36 
52800 6 2000 269 7 0 1708 16 
54000 0 2000 1174 97 0 597 132 
54000 1 2000 247 5 0 1730 17 
54000 2 2000 115 2 0 1877 6 
54000 3 2000 354 8 0 1611 27 
54000 4 2000 138 0 0 1856 6 
54000 5 2000 509 16 0 1429 46 
54000 6 2000 258 7 0 1715 20 
55200 0 2000 1166 93 0 606 134 
55200 1 2000 245 6 0 1729 20 
55200 2 2000 134 2 0 1850 14 
55200 3 2000 361 7 0 1617 14 
55200 4 2000 131 0 0 1862 6 
55200 5 2000 490 16 0 1457 36 
55200 6 2000 254 8 0 1711 27 
56400 0 2000 1152 112 0 592 143 
56400 1 2000 243 4 0 1742 10 
56400 2 2000 123 0 0 1874 3 
56400 3 2000 354 16 0 1610 20 
56400 4 2000 141 2 0 1839 18 
56400 5 2000 500 23 0 1444 32 
56400 6 2000 275 1 0 1705 18 
57600 0 2000 1188 96 0 603 112 
57600 1 2000 242 0 0 1736 21 
57600 2 2000 127 0 0 1864 9 
57600 3 2000 359 6 0 1606 29 
57600 4 2000 136 1 0 1850 13 
57600 5 2000 492 15 0 1451 41 
57600 6 2000 274 4 0 1703 18 
58800 0 2000 1175 87 0 603 134 
58800 1 2000 226 2 0 1755 17 
58800 2 2000 133 2 0 1855 10 
58800 3 2000 346 14 0 1597 43 
58800 4 2000 148 1 0 1840 11 
58800 5 2000 496 16 0 1463 25 
58800 6 2000 288 5 0 1699 8 
60000 0 2000 1179 90 0 598 132 
60000 1 2000 253 7 0 1726 14 
60000 2 2000 135 1 0 1856 8 
60000 3 2000 372 6 0 1588 33 
60000 4 2000 133 1 0 1860 5 
60000 5 2000 504 14 0 1440 41 
60000 6 2000 292 9 0 1690 9 
61200 0 2000 1184 97 0 594 125 
61200 1 2000 249 3 0 1736 12 
61200 2 2000 136 2 0 1851 11 
61200 3 2000 358 6 0 1612 24 
61200 4 2000 133 3 0 1853 11 
61200 5 2000 494 16 0 1442 48 
61200 6 2000 267 5 0 1708 20 
62400 0 2000 1158 99 0 608 135 
62400 1 2000 253 5 0 1720 22 
62400 2 2000 131 1 0 1862 6 
62400 3 2000 370 16 0 1583 31 
62400 4 2000 131 2 0 1863 4 
62400 5 2000 496 24 0 1432 48 
62400 6 2000 275 10 0 1699 16 
63600 0 2000 1199 86 0 598 117 
63600 1 2000 236 7 0 1745 11 
63600 2 2000 126 0 0 1867 7 
63600 3 2000 366 8 0 1601 25 
63600 4 2000 148 2 0 1842 8 
63600 5 2000 504 17 0 1440 39 
63600 6 2000 275 3 0 1708 13 
64800 0 2000 1201 97 0 582 119 
64800 1 2000 252 3 0 1726 19 
64800 2 2000 137 1 0 1854 8 
64800 3 2000 357 8 0 1614 21 
64800 4 2000 136 2 0 1849 12 
64800 5 2000 511 16 0 1437 36 
64800 6 2000 302 3 0 1680 15 
66000 0 2000 1205 88 1 587 118 
66000 1 2000 242 7 0 1732 18 
66000 2 2000 130 3 0 1853 14 
66000 3 2000 373 4 0 1604 19 
66000 4 2000 147 1 0 1850 2 
66000 5 2000 528 20 0 1428 23 
66000 6 2000 282 4 0 1687 27 
67200 0 2000 1148 107 0 592 152 
67200 1 2000 236 4 0 1746 13 
67200 2 2000 137 2 0 1855 6 
67200 3 2000 367 11 0 1591 31 
67200 4 2000 135 0 0 1845 20 
67200 5 2000 485 17 0 1470 28 
67200 6 2000 288 3 0 1683 25 
68400 0 2000 1190 98 0 564 148 
68400 1 2000 255 4 0 1728 13 
68400 2 2000 128 0 0 1867 5 
68400 3 2000 363 6 0 1613 18 
68400 4 2000 134 1 0 1860 5 
68400 5 2000 491 17 0 1457 35 
68400 6 2000 272 5 0 1712 11 
69600 0 2000 1201 109 0 576 112 
69600 1 2000 255 3 0 1725 16 
69600 2 2000 128 0 0 1860 12 
69600 3 2000 356 7 0 1591 45 
69600 4 2000 135 1 0 1851 12 
69600 5 2000 509 27 0 1408 55 
69600 6 2000 275 2 0 1714 8 
70800 0 2000 1170 109 0 580 139 
70800 1 2000 248 4 0 1739 9 
70800 2 2000 128 0 0 1864 8 
70800 3 2000 360 10 0 1586 43 
70800 4 2000 145 2 0 1844 8 
70800 5 2000 506 16 0 1430 47 
70800 6 2000 266 5 0 1711 18 
72000 0 2000 1210 94 0 580 115 
72000 1 2000 234 2 0 1751 12 
72000 2 2000 135 2 0 1860 3 
72000 3 2000 363 13 0 1591 33 
72000 4 2000 149 0 0 1838 13 
72000 5 2000 513 18 0 1438 30 
72000 6 2000 301 4 0 1687 7 
73200 0 2000 1230 97 0 560 111 
73200 1 2000 254 5 0 1729 11 
73200 2 2000 131 3 0 1858 8 
73200 3 2000 358 6 0 1607 29 
73200 4 2000 142 2 0 1844 12 
73200 5 2000 493 9 0 1441 56 
73200 6 2000 278 3 0 1701 17 
74400 0 2000 1186 102 0 573 138 
74400 1 2000 252 8 0 1719 20 
74400 2 2000 128 3 0 1861 8 
74400 3 2000 382 6 0 1582 30 
74400 4 2000 124 1 0 1865 10 
74400 5 2000 517 20 0 1433 30 
74400 6 2000 271 5 0 1717 6 
75600 0 2000 1196 111 0 567 125 
75600 1 2000 260 5 0 1719 15 
75600 2 2000 142 0 0 1849 9 
75600 3 2000 370 14 0 1587 29 
75600 4 2000 152 5 0 1837 6 
75600 5 2000 503 16 0 1422 59 
75600 6 2000 267 5 0 1709 18 
76800 0 2000 1191 111 0 589 109 
76800 1 2000 246 1 0 1738 15 
76800 2 2000 132 1 0 1854 13 
76800 3 2000 367 23 0 1581 29 
76800 4 2000 139 6 0 1846 9 
76800 5 2000 499 19 0 1447 35 
76800 6 2000 259 3 0 1730 8 
78000 0 2000 1207 99 0 552 142 
78000 1 2000 246 3 0 1735 16 
78000 2 2000 135 1 0 1848 16 
78000 3 2000 370 10 0 1594 26 
78000 4 2000 141 2 0 1842 15 
78000 5 2000 503 12 0 1450 35 
78000 6 2000 259 3 0 1712 26 
79200 0 2000 1207 90 0 569 133 
79200 1 2000 232 3 0 1740 25 
79200 2 2000 135 3 0 1844 18 
79200 3 2000 369 8 0 1586 37 
79200 4 2000 144 1 0 1837 18 
79200 5 2000 519 18 0 1430 33 
79200 6 2000 276 6 0 1709 9 
80400 0 2000 1198 107 0 572 122 
80400 1 2000 255 3 0 1726 16 
80400 2 2000 129 0 0 1859 12 
80400 3 2000 367 14 0 1590 29 
80400 4 2000 139 1 0 1849 10 
80400 5 2000 514 21 0 1443 22 
80400 6 2000 270 3 0 1710 17 
81600 0 2000 1160 114 0 576 148 
81600 1 2000 258 4 0 1718 19 
81600 2 2000 130 2 0 1862 6 
81600 3 2000 353 7 0 1606 34 
81600 4 2000 137 2 0 1847 13 
81600 5 2000 500 14 0 1440 46 
81600 6 2000 283 5 0 1691 20 
82800 0 2000 1183 108 0 568 140 
82800 1 2000 255 7 0 1724 14 
82800 2 2000 138 1 0 1852 9 
82800 3 2000 367 10 0 1590 32 
82800 4 2000 151 1 0 1841 6 
82800 5 2000 520 16 0 1443 20 
82800 6 2000 282 2 0 1693 23 
84000 0 2000 1218 101 0 560 119 
84000 1 2000 264 5 0 1710 20 
84000 2 2000 129 1 0 1861 9 
84000 3 2000 385 11 0 1587 16 
84000 4 2000 126 3 0 1860 10 
84000 5 2000 515 17 0 1445 21 
84000 6 2000 273 4 0 1709 13 
85200 0 2000 1202 80 0 547 169 
85200 1 2000 251 5 0 1727 16 
85200 2 2000 125 1 0 1866 8 
85200 3 2000 369 8 0 1597 26 
85200 4 2000 124 1 0 1865 9 
85200 5 2000 509 19 0 1446 25 
85200 6 2000 267 4 0 1716 12 
86400 0 2000 1211 70 0 556 163 
86400 1 2000 244 1 0 1736 18 
86400 2 2000 131 0 0 1864 5 
86400 3 2000 362 5 0 1608 25 
86400 4 2000 137 1 0 1856 6 
86400 5 2000 501 16 0 1438 45 
86400 6 2000 262 2 0 1714 21 
87600 0 2000 1218 98 0 570 114 
87600 1 2000 255 4 0 1724 17 
87600 2 2000 130 1 0 1862 7 
87600 3 2000 364 9 0 1609 17 
87600 4 2000 142 2 0 1838 17 
87600 5 2000 508 14 0 1426 51 
87600 6 2000 271 2 0 1716 11 
88800 0 2000 1206 98 0 570 125 
88800 1 2000 255 6 0 1721 18 
88800 2 2000 137 1 0 1843 19 
88800 3 2000 364 13 0 1591 32 
88800 4 2000 140 2 0 1838 20 
88800 5 2000 514 17 0 1447 22 
88800 6 2000 287 6 0 1685 21 
90000 0 2000 1216 112 0 554 116 
90000 1 2000 264 6 0 1721 9 
90000 2 2000 140 2 0 1852 6 
90000 3 2000 367 11 0 1589 32 
90000 4 2000 129 2 0 1860 9 
90000 5 2000 521 13 0 1426 40 
90000 6 2000 257 4 0 1706 32 
91200 0 2000 1208 100 0 550 139 
91200 1 2000 238 7 0 1741 13 
91200 2 2000 124 2 0 1854 20 
91200 3 2000 390 3 0 1576 30 
91200 4 2000 131 2 0 1863 3 
91200 5 2000 505 10 0 1451 33 
91200 6 2000 282 3 0 1696 18 
92400 0 2000 1227 106 0 557 109 
92400 1 2000 256 6 0 1727 11 
92400 2 2000 148 1 0 1840 11 
92400 3 2000 362 12 0 1591 35 
92400 4 2000 139 1 0 1850 10 
92400 5 2000 510 13 0 1440 37 
92400 6 2000 287 2 0 1692 19 
93600 0 2000 1217 98 0 560 124 
93600 1 2000 258 3 0 1710 28 
93600 2 2000 128 1 0 1858 13 
93600 3 2000 388 6 0 1583 23 
93600 4 2000 151 0 0 1840 9 
93600 5 2000 502 16 0 1430 52 
93600 6 2000 290 2 0 1694 13 
94800 0 2000 1210 104 0 560 126 
94800 1 2000 261 4 0 1723 12 
94800 2 2000 146 3 0 1835 16 
94800 3 2000 375 10 0 1600 14 
94800 4 2000 139 1 0 1852 7 
94800 5 2000 521 24 0 1405 49 
94800 6 2000 280 9 0 1701 10 
96000 0 2000 1226 105 0 550 119 
96000 1 2000 258 8 0 1718 15 
96000 2 2000 136 1 0 1849 14 
96000 3 2000 358 16 0 1592 33 
96000 4 2000 143 0 0 1849 6 
96000 5 2000 515 17 0 1427 40 
96000 6 2000 273 5 0 1698 23 
97200 0 2000 1206 101 0 567 123 
97200 1 2000 252 3 0 1732 12 
97200 2 2000 139 2 0 1848 11 
97200 3 2000 361 11 0 1584 43 
97200 4 2000 141 1 0 1841 15 
97200 5 2000 518 16 0 1417 47 
97200 6 2000 277 4 0 1699 19 
98400 0 2000 1208 109 0 551 130 
98400 1 2000 250 5 0 1723 21 
98400 2 2000 141 3 0 1839 17 
98400 3 2000 371 11 0 1595 23 
98400 4 2000 135 1 0 1857 6 
98400 5 2000 509 19 0 1425 47 
98400 6 2000 284 6 0 1687 22 
99600 0 2000 1219 102 0 544 133 
99600 1 2000 255 2 0 1729 13 
99600 2 2000 138 1 0 1842 19 
99600 3 2000 372 9 0 1596 22 
99600 4 2000 137 1 0 1847 14 
99600 5 2000 522 16 0 1427 34 
99600 6 2000 271 5 0 1701 22 
100800 0 2000 1197 110 0 536 155 
100800 1 2000 254 4 0 1718 23 
100800 2 2000 143 2 0 1848 7 
100800 3 2000 369 13 0 1593 25 
100800 4 2000 148 1 0 1849 2 
100800 5 2000 509 25 0 1414 51 
100800 6 2000 281 4 0 1699 15 
102000 0 2000 1205 107 0 559 128 
102000 1 2000 247 7 0 1736 9 
102000 2 2000 130 1 0 1864 5 
102000 3 2000 365 8 0 1598 29 
102000 4 2000 141 0 0 1856 3 
102000 5 2000 519 20 0 1420 40 
102000 6 2000 280 3 0 1703 13 
103200 0 2000 1200 116 0 540 142 
103200 1 2000 262 3 0 1721 14 
103200 2 2000 137 1 0 1853 9 
103200 3 2000 388 11 0 1581 20 
103200 4 2000 135 3 0 1848 12 
103200 5 2000 518 14 0 1422 45 
103200 6 2000 298 2 0 1668 32 
104400 0 2000 1194 103 0 542 159 
104400 1 2000 255 4 0 1725 15 
104400 2 2000 131 1 0 1854 14 
104400 3 2000 365 10 0 1608 17 
104400 4 2000 133 2 0 1853 11 
104400 5 2000 532 11 0 1422 34 
104400 6 2000 266 7 0 1707 19 
105600 0 2000 1203 93 0 551 153 
105600 1 2000 269 3 0 1716 12 
105600 2 2000 138 1 0 1855 6 
105600 3 2000 383 8 0 1594 14 
105600 4 2000 145 2 0 1845 7 
105600 5 2000 510 12 0 1435 42 
105600 6 2000 285 6 0 1696 13 
106800 0 2000 1235 120 0 549 95 
106800 1 2000 256 3 0 1727 14 
106800 2 2000 130 5 0 1851 14 
106800 3 2000 369 13 0 1572 45 
106800 4 2000 135 3 0 1851 10 
106800 5 2000 527 19 0 1415 38 
106800 6 2000 285 6 0 1688 21 
108000 0 2000 1199 123 0 560 116 
108000 1 2000 266 7 0 1715 11 
108000 2 2000 149 2 0 1842 7 
108000 3 2000 366 5 0 1597 31 
108000 4 2000 142 2 0 1837 18 
108000 5 2000 521 20 0 1416 42 
108000 6 2000 274 3 0 1709 13 
109200 0 2000 1221 106 0 543 129 
109200 1 2000 249 3 0 1738 10 
109200 2 2000 128 3 0 1855 14 
109200 3 2000 382 6 0 1573 39 
109200 4 2000 144 1 0 1847 7 
109200 5 2000 510 14 0 1437 39 
109200 6 2000 294 1 0 1681 24 
110400 0 2000 1202 108 0 549 140 
110400 1 2000 248 2 0 1718 31 
110400 2 2000 132 0 0 1864 4 
110400 3 2000 367 12 0 1594 27 
110400 4 2000 155 1 0 1837 7 
110400 5 2000 505 22 0 1431 42 
110400 6 2000 272 9 0 1700 18 
111600 0 2000 1201 92 0 556 150 
111600 1 2000 248 6 0 1733 12 
111600 2 2000 136 1 0 1856 7 
111600 3 2000 394 8 0 1572 26 
111600 4 2000 142 3 0 1843 12 
111600 5 2000 509 23 0 1423 45 
111600 6 2000 276 6 0 1687 30 
112800 0 2000 1212 123 0 536 129 
112800 1 2000 240 4 0 1735 20 
112800 2 2000 129 2 0 1853 16 
112800 3 2000 368 12 0 1597 23 
112800 4 2000 141 2 0 1834 23 
112800 5 2000 502 19 0 1435 44 
112800 6 2000 277 4 0 1701 17 
114000 0 2000 1204 106 0 542 148 
114000 1 2000 264 3 0 1717 16 
114000 2 2000 140 1 0 1846 13 
114000 3 2000 350 15 0 1595 40 
114000 4 2000 129 2 0 1857 12 
114000 5 2000 485 20 0 1452 43 
114000 6 2000 282 4 0 1693 21 
115200 0 2000 1214 117 0 532 135 
115200 1 2000 253 4 0 1733 9 
115200 2 2000 136 2 0 1857 5 
115200 3 2000 382 9 0 1582 27 
115200 4 2000 142 1 0 1841 16 
115200 5 2000 516 16 0 1427 40 
115200 6 2000 283 4 0 1697 15 
116400 0 2000 1185 109 0 555 149 
116400 1 2000 276 5 0 1705 14 
116400 2 2000 140 3 0 1849 8 
116400 3 2000 373 15 0 1563 48 
116400 4 2000 132 0 0 1859 7 
116400 5 2000 516 16 0 1414 53 
116400 6 2000 296 7 0 1684 13 
117600 0 2000 1222 101 0 526 150 
117600 1 2000 262 6 0 1713 18 
117600 2 2000 136 5 0 1848 11 
117600 3 2000 381 8 0 1573 37 
117600 4 2000 138 1 0 1855 5 
117600 5 2000 525 17 0 1402 54 
117600 6 2000 284 5 0 1694 16 
118800 0 2000 1219 122 0 535 124 
118800 1 2000 239 6 0 1748 7 
118800 2 2000 147 1 0 1836 16 
118800 3 2000 375 10 0 1592 23 
118800 4 2000 139 1 0 1854 6 
118800 5 2000 511 14 0 1418 57 
118800 6 2000 290 7 0 1680 23 
