0 0.000000 0.000000
1200 2000.000000 1364.000000
2400 2000.000000 1374.000000
3600 2000.000000 1379.000000
4800 2000.000000 1376.000000
6000 2000.000000 1376.000000
7200 2000.000000 1377.000000
8400 2000.000000 1384.000000
9600 2000.000000 1379.000000
10800 2000.000000 1377.000000
12000 2000.000000 1366.000000
13200 2000.000000 1362.000000
14400 2000.000000 1379.000000
15600 2000.000000 1365.000000
16800 2000.000000 1380.000000
18000 2000.000000 1411.000000
19200 2000.000000 1378.000000
20400 2000.000000 1388.000000
21600 2000.000000 1357.000000
22800 2000.000000 1412.000000
24000 2000.000000 1383.000000
25200 2000.000000 1389.000000
26400 2000.000000 1387.000000
27600 2000.000000 1376.000000
28800 2000.000000 1403.000000
30000 2000.000000 1406.000000
31200 2000.000000 1403.000000
32400 2000.000000 1398.000000
33600 2000.000000 1414.000000
34800 2000.000000 1414.000000
36000 2000.000000 1423.000000
37200 2000.000000 1408.000000
38400 2000.000000 1404.000000
39600 2000.000000 1409.000000
40800 2000.000000 1397.000000
42000 2000.000000 1410.000000
43200 2000.000000 1403.000000
44400 2000.000000 1431.000000
45600 2000.000000 1429.000000
46800 2000.000000 1416.000000
48000 2000.000000 1435.000000
49200 2000.000000 1424.000000
50400 2000.000000 1417.000000
51600 2000.000000 1433.000000
52800 2000.000000 1425.000000
54000 2000.000000 1446.000000
55200 2000.000000 1420.000000
56400 2000.000000 1418.000000
57600 2000.000000 1423.000000
58800 2000.000000 1416.000000
60000 2000.000000 1419.000000
61200 2000.000000 1445.000000
62400 2000.000000 1434.000000
63600 2000.000000 1451.000000
64800 2000.000000 1448.000000
66000 2000.000000 1421.000000
67200 2000.000000 1460.000000
68400 2000.000000 1458.000000
69600 2000.000000 1454.000000
70800 2000.000000 1447.000000
72000 2000.000000 1467.000000
73200 2000.000000 1482.000000
74400 2000.000000 1446.000000
75600 2000.000000 1444.000000
76800 2000.000000 1459.000000
78000 2000.000000 1436.000000
79200 2000.000000 1468.000000
80400 2000.000000 1458.000000
81600 2000.000000 1445.000000
82800 2000.000000 1466.000000
84000 2000.000000 1457.000000
85200 2000.000000 1464.000000
86400 2000.000000 1464.000000
87600 2000.000000 1464.000000
88800 2000.000000 1456.000000
90000 2000.000000 1455.000000
91200 2000.000000 1471.000000
92400 2000.000000 1449.000000
93600 2000.000000 1461.000000
94800 2000.000000 1450.000000
96000 2000.000000 1460.000000
97200 2000.000000 1472.000000
98400 2000.000000 1483.000000
99600 2000.000000 1462.000000
100800 2000.000000 1445.000000
102000 2000.000000 1473.000000
103200 2000.000000 1481.000000
104400 2000.000000 1481.000000
105600 2000.000000 1482.000000
106800 2000.000000 1485.000000
108000 2000.000000 1484.000000
109200 2000.000000 1460.000000
110400 2000.000000 1478.000000
111600 2000.000000 1475.000000
112800 2000.000000 1484.000000
114000 2000.000000 1476.000000
115200 2000.000000 1468.000000
116400 2000.000000 1483.000000
117600 2000.000000 1483.000000
118800 2000.000000 1471.000000
