0 0 0 0 0 0 0 0 
0 1 0 0 0 0 0 0 
0 2 0 0 0 0 0 0 
0 3 0 0 0 0 0 0 
0 4 0 0 0 0 0 0 
0 5 0 0 0 0 0 0 
0 6 0 0 0 0 0 0 
1200 0 2000 1119 91 0 675 114 
1200 1 2000 236 3 0 1748 13 
1200 2 2000 118 1 0 1879 2 
1200 3 2000 332 9 0 1639 20 
1200 4 2000 127 1 0 1866 5 
1200 5 2000 486 13 0 1469 32 
1200 6 2000 259 4 0 1716 21 
2400 0 2000 1153 84 0 657 106 
2400 1 2000 250 4 0 1735 11 
2400 2 2000 123 1 0 1869 7 
2400 3 2000 341 9 0 1626 24 
2400 4 2000 138 0 0 1850 12 
2400 5 2000 512 14 0 1445 29 
2400 6 2000 262 5 0 1720 13 
3600 0 2000 1146 83 0 653 116 
3600 1 2000 225 5 0 1752 17 
3600 2 2000 137 0 0 1859 4 
3600 3 2000 334 6 0 1633 26 
3600 4 2000 140 3 0 1847 10 
3600 5 2000 486 24 0 1454 34 
3600 6 2000 271 6 0 1696 26 
4800 0 2000 1143 95 0 670 91 
4800 1 2000 246 3 0 1727 24 
4800 2 2000 130 1 0 1860 9 
4800 3 2000 349 7 0 1628 16 
4800 4 2000 131 2 0 1856 11 
4800 5 2000 485 19 0 1456 40 
4800 6 2000 268 1 0 1717 14 
6000 0 2000 1131 80 0 687 102 
6000 1 2000 245 3 0 1748 4 
6000 2 2000 144 0 0 1843 13 
6000 3 2000 358 3 0 1625 14 
6000 4 2000 135 1 0 1858 6 
6000 5 2000 516 15 0 1444 25 
6000 6 2000 258 3 0 1712 27 
7200 0 2000 1134 87 0 652 125 
7200 1 2000 226 6 0 1750 18 
7200 2 2000 126 3 0 1855 16 
7200 3 2000 331 6 0 1645 18 
7200 4 2000 142 1 0 1850 5 
7200 5 2000 502 7 0 1452 38 
7200 6 2000 261 4 0 1719 16 
8400 0 2000 1130 87 0 660 122 
8400 1 2000 248 3 0 1738 11 
8400 2 2000 127 0 0 1860 13 
8400 3 2000 344 11 0 1608 36 
8400 4 2000 135 3 0 1853 8 
8400 5 2000 482 17 0 1470 30 
8400 6 2000 262 5 0 1713 20 
9600 0 2000 1122 87 0 669 120 
9600 1 2000 230 9 0 1751 9 
9600 2 2000 132 1 0 1866 1 
9600 3 2000 331 11 0 1651 7 
9600 4 2000 123 0 0 1867 9 
9600 5 2000 498 11 0 1455 36 
9600 6 2000 273 4 0 1701 21 
10800 0 2000 1131 75 0 668 125 
10800 1 2000 231 4 0 1753 11 
10800 2 2000 127 1 0 1864 8 
10800 3 2000 353 4 0 1618 25 
10800 4 2000 128 1 0 1862 9 
10800 5 2000 494 18 0 1449 39 
10800 6 2000 264 4 0 1716 15 
12000 0 2000 1109 92 0 695 103 
12000 1 2000 233 3 0 1756 8 
12000 2 2000 123 0 0 1863 14 
12000 3 2000 341 7 0 1624 27 
12000 4 2000 130 3 0 1857 9 
12000 5 2000 486 19 0 1450 44 
12000 6 2000 264 4 0 1704 28 
13200 0 2000 1129 90 0 642 139 
13200 1 2000 243 1 0 1726 30 
13200 2 2000 112 1 0 1871 16 
13200 3 2000 348 4 0 1620 28 
13200 4 2000 132 3 0 1859 6 
13200 5 2000 514 17 0 1429 40 
13200 6 2000 276 3 0 1696 25 
14400 0 2000 1123 93 0 666 117 
14400 1 2000 257 4 0 1728 11 
14400 2 2000 135 2 0 1848 15 
14400 3 2000 349 4 0 1622 25 
14400 4 2000 136 2 0 1853 9 
14400 5 2000 494 16 0 1437 53 
14400 6 2000 269 5 0 1716 10 
15600 0 2000 1131 82 0 668 116 
15600 1 2000 245 2 0 1736 16 
15600 2 2000 125 0 0 1866 9 
15600 3 2000 341 2 0 1619 37 
15600 4 2000 135 0 0 1855 10 
15600 5 2000 509 15 0 1426 49 
15600 6 2000 259 1 0 1724 15 
16800 0 2000 1130 80 0 669 121 
16800 1 2000 247 1 0 1733 19 
16800 2 2000 123 1 0 1874 2 
16800 3 2000 331 9 0 1640 20 
16800 4 2000 137 1 0 1838 24 
16800 5 2000 517 12 0 1459 12 
16800 6 2000 258 2 0 1726 14 
18000 0 2000 1141 83 0 659 117 
18000 1 2000 244 5 0 1742 9 
18000 2 2000 124 0 0 1861 15 
18000 3 2000 353 10 0 1605 32 
18000 4 2000 130 2 0 1858 10 
18000 5 2000 509 19 0 1426 46 
18000 6 2000 266 5 0 1719 10 
19200 0 2000 1148 90 0 659 101 
19200 1 2000 255 1 0 1737 6 
19200 2 2000 121 0 0 1867 12 
19200 3 2000 342 3 0 1640 15 
19200 4 2000 135 0 0 1856 9 
19200 5 2000 507 11 0 1431 51 
19200 6 2000 263 2 0 1714 20 
20400 0 2000 1155 85 0 660 99 
20400 1 2000 233 4 0 1750 13 
20400 2 2000 133 2 0 1850 15 
20400 3 2000 341 3 0 1638 17 
20400 4 2000 140 0 0 1857 3 
20400 5 2000 485 11 0 1472 31 
20400 6 2000 266 5 0 1716 13 
21600 0 2000 1116 105 0 634 142 
21600 1 2000 252 4 0 1733 10 
21600 2 2000 128 0 0 1864 8 
21600 3 2000 350 11 0 1616 22 
21600 4 2000 144 1 0 1840 13 
21600 5 2000 484 25 0 1453 37 
21600 6 2000 266 7 0 1695 31 
22800 0 2000 1135 90 0 647 128 
22800 1 2000 253 6 0 1722 18 
22800 2 2000 124 2 0 1866 8 
22800 3 2000 349 10 0 1619 22 
22800 4 2000 144 3 0 1847 6 
22800 5 2000 501 18 0 1452 28 
22800 6 2000 259 3 0 1721 16 
24000 0 2000 1155 84 0 668 93 
24000 1 2000 249 7 0 1732 12 
24000 2 2000 124 2 0 1864 10 
24000 3 2000 329 9 0 1641 21 
24000 4 2000 130 1 0 1863 6 
24000 5 2000 505 18 0 1460 17 
24000 6 2000 257 3 0 1728 12 
25200 0 2000 1142 82 0 635 140 
25200 1 2000 233 7 0 1750 10 
25200 2 2000 132 2 0 1847 19 
25200 3 2000 359 8 0 1602 30 
25200 4 2000 132 2 0 1856 9 
25200 5 2000 505 17 0 1445 32 
25200 6 2000 261 5 0 1718 16 
26400 0 2000 1134 92 0 619 153 
26400 1 2000 239 4 0 1745 11 
26400 2 2000 139 1 0 1843 17 
26400 3 2000 332 4 0 1637 26 
26400 4 2000 135 3 0 1859 2 
26400 5 2000 503 17 0 1455 24 
26400 6 2000 272 2 0 1715 10 
27600 0 2000 1134 83 0 659 123 
27600 1 2000 235 3 0 1732 29 
27600 2 2000 116 3 0 1876 5 
27600 3 2000 332 12 0 1611 45 
27600 4 2000 128 2 0 1864 6 
27600 5 2000 497 22 0 1450 31 
27600 6 2000 258 1 0 1719 21 
28800 0 2000 1160 86 0 658 94 
28800 1 2000 246 5 0 1744 4 
28800 2 2000 126 1 0 1869 4 
28800 3 2000 351 11 0 1614 23 
28800 4 2000 138 0 0 1859 2 
28800 5 2000 508 7 0 1462 22 
28800 6 2000 273 3 0 1715 8 
30000 0 2000 1151 91 0 636 120 
30000 1 2000 239 5 0 1741 14 
30000 2 2000 138 1 0 1856 5 
30000 3 2000 352 6 0 1621 21 
30000 4 2000 141 1 0 1841 16 
30000 5 2000 506 12 0 1433 48 
30000 6 2000 276 3 0 1701 19 
31200 0 2000 1154 83 0 637 124 
31200 1 2000 230 2 0 1751 16 
31200 2 2000 132 1 0 1861 6 
31200 3 2000 352 6 0 1608 34 
31200 4 2000 153 1 0 1838 7 
31200 5 2000 484 16 0 1461 39 
31200 6 2000 257 3 0 1721 18 
32400 0 2000 1149 93 0 639 118 
32400 1 2000 232 4 0 1738 25 
32400 2 2000 124 1 0 1864 11 
32400 3 2000 350 7 0 1617 26 
32400 4 2000 132 2 0 1864 2 
32400 5 2000 499 17 0 1461 23 
32400 6 2000 262 2 0 1724 11 
33600 0 2000 1172 91 0 638 97 
33600 1 2000 232 0 0 1758 9 
33600 2 2000 135 3 0 1850 12 
33600 3 2000 332 8 0 1626 34 
33600 4 2000 144 3 0 1840 13 
33600 5 2000 486 11 0 1472 30 
33600 6 2000 272 2 0 1703 22 
34800 0 2000 1187 80 0 630 103 
34800 1 2000 244 4 0 1738 14 
34800 2 2000 123 3 0 1865 9 
34800 3 2000 366 10 0 1596 28 
34800 4 2000 130 0 0 1859 10 
34800 5 2000 510 19 0 1442 29 
34800 6 2000 272 2 0 1713 13 
36000 0 2000 1176 87 0 641 95 
36000 1 2000 248 10 0 1729 13 
36000 2 2000 130 1 0 1863 6 
36000 3 2000 355 6 0 1607 32 
36000 4 2000 139 4 0 1855 2 
36000 5 2000 511 14 0 1451 23 
36000 6 2000 264 4 0 1722 9 
37200 0 2000 1163 81 0 631 123 
37200 1 2000 248 3 0 1736 12 
37200 2 2000 124 1 0 1868 7 
37200 3 2000 359 5 0 1611 24 
37200 4 2000 133 2 0 1853 11 
37200 5 2000 500 20 0 1445 34 
37200 6 2000 272 7 0 1703 17 
38400 0 2000 1147 89 0 640 124 
38400 1 2000 226 6 0 1753 15 
38400 2 2000 143 1 0 1845 11 
38400 3 2000 361 6 0 1617 16 
38400 4 2000 136 0 0 1852 12 
38400 5 2000 505 17 0 1457 21 
38400 6 2000 266 5 0 1714 15 
39600 0 2000 1152 98 0 645 102 
39600 1 2000 250 0 0 1739 10 
39600 2 2000 124 1 0 1865 10 
39600 3 2000 352 9 0 1601 37 
39600 4 2000 132 2 0 1860 4 
39600 5 2000 513 17 0 1427 42 
39600 6 2000 271 2 0 1712 14 
40800 0 2000 1161 100 0 632 106 
40800 1 2000 232 3 0 1744 20 
40800 2 2000 131 0 0 1859 10 
40800 3 2000 360 15 0 1605 20 
40800 4 2000 145 1 0 1843 11 
40800 5 2000 498 12 0 1448 42 
40800 6 2000 270 3 0 1690 36 
42000 0 2000 1161 91 0 632 115 
42000 1 2000 256 7 0 1723 13 
42000 2 2000 126 2 0 1863 9 
42000 3 2000 351 8 0 1591 50 
42000 4 2000 138 2 0 1848 12 
42000 5 2000 497 17 0 1455 31 
42000 6 2000 275 6 0 1708 10 
43200 0 2000 1139 107 0 625 129 
43200 1 2000 258 4 0 1721 17 
43200 2 2000 124 0 0 1869 7 
43200 3 2000 353 9 0 1608 30 
43200 4 2000 141 5 0 1851 3 
43200 5 2000 486 21 0 1453 40 
43200 6 2000 265 7 0 1720 8 
44400 0 2000 1178 96 0 624 100 
44400 1 2000 240 2 0 1742 15 
44400 2 2000 137 2 0 1852 9 
44400 3 2000 369 10 0 1602 19 
44400 4 2000 139 0 0 1850 10 
44400 5 2000 512 16 0 1443 28 
44400 6 2000 276 3 0 1700 20 
45600 0 2000 1174 94 0 615 115 
45600 1 2000 239 3 0 1736 21 
45600 2 2000 136 0 0 1856 8 
45600 3 2000 354 6 0 1614 26 
45600 4 2000 142 0 0 1847 10 
45600 5 2000 500 10 0 1450 38 
45600 6 2000 266 2 0 1709 22 
46800 0 2000 1180 100 0 606 111 
46800 1 2000 241 5 0 1740 13 
46800 2 2000 132 2 0 1863 3 
46800 3 2000 366 16 0 1596 22 
46800 4 2000 137 2 0 1845 14 
46800 5 2000 502 17 0 1444 35 
46800 6 2000 269 7 0 1697 26 
48000 0 2000 1160 100 0 627 113 
48000 1 2000 234 5 0 1752 9 
48000 2 2000 124 1 0 1855 20 
48000 3 2000 336 12 0 1627 24 
48000 4 2000 134 2 0 1860 3 
48000 5 2000 503 22 0 1449 25 
48000 6 2000 270 6 0 1705 19 
49200 0 2000 1171 82 0 623 122 
49200 1 2000 237 6 0 1745 12 
49200 2 2000 128 0 0 1868 4 
49200 3 2000 365 8 0 1602 24 
49200 4 2000 139 1 0 1845 14 
49200 5 2000 514 15 0 1424 46 
49200 6 2000 281 4 0 1695 20 
50400 0 2000 1152 76 0 610 162 
50400 1 2000 237 2 0 1753 8 
50400 2 2000 132 0 0 1862 6 
50400 3 2000 343 9 0 1619 29 
50400 4 2000 145 2 0 1842 11 
50400 5 2000 503 16 0 1455 26 
50400 6 2000 259 4 0 1722 15 
51600 0 2000 1174 96 0 611 117 
51600 1 2000 242 3 0 1744 11 
51600 2 2000 140 3 0 1850 7 
51600 3 2000 367 7 0 1599 27 
51600 4 2000 138 1 0 1855 4 
51600 5 2000 504 15 0 1459 21 
51600 6 2000 269 2 0 1708 21 
52800 0 2000 1168 98 0 626 107 
52800 1 2000 255 2 0 1730 13 
52800 2 2000 123 3 0 1865 9 
52800 3 2000 353 10 0 1603 34 
52800 4 2000 143 1 0 1851 5 
52800 5 2000 500 18 0 1437 45 
52800 6 2000 261 7 0 1719 13 
54000 0 2000 1191 96 0 586 126 
54000 1 2000 249 4 0 1735 11 
54000 2 2000 130 2 0 1860 8 
54000 3 2000 348 6 0 1607 39 
54000 4 2000 135 1 0 1854 9 
54000 5 2000 515 19 0 1430 36 
54000 6 2000 274 4 0 1693 28 
55200 0 2000 1189 84 0 601 125 
55200 1 2000 253 3 0 1736 8 
55200 2 2000 128 2 0 1864 6 
55200 3 2000 338 3 0 1627 32 
55200 4 2000 146 1 0 1848 5 
55200 5 2000 501 13 0 1451 35 
55200 6 2000 283 5 0 1698 14 
56400 0 2000 1175 108 0 601 115 
56400 1 2000 233 3 0 1750 13 
56400 2 2000 126 3 0 1859 12 
56400 3 2000 354 13 0 1618 15 
56400 4 2000 145 0 0 1853 2 
56400 5 2000 499 18 0 1451 31 
56400 6 2000 290 4 0 1695 10 
57600 0 2000 1191 97 0 608 102 
57600 1 2000 250 2 0 1739 8 
57600 2 2000 126 0 0 1865 9 
57600 3 2000 357 8 0 1595 39 
57600 4 2000 141 1 0 1848 9 
57600 5 2000 494 21 0 1444 40 
57600 6 2000 262 9 0 1713 15 
58800 0 2000 1166 97 0 584 150 
58800 1 2000 250 3 0 1726 20 
58800 2 2000 128 3 0 1858 11 
58800 3 2000 362 8 0 1601 28 
58800 4 2000 142 1 0 1846 10 
58800 5 2000 487 15 0 1445 51 
58800 6 2000 275 5 0 1703 16 
60000 0 2000 1162 105 0 610 122 
60000 1 2000 246 3 0 1738 12 
60000 2 2000 118 1 0 1874 7 
60000 3 2000 351 11 0 1611 27 
60000 4 2000 140 3 0 1849 8 
60000 5 2000 502 23 0 1441 33 
60000 6 2000 268 6 0 1713 12 
61200 0 2000 1155 113 0 603 128 
61200 1 2000 241 5 0 1733 21 
61200 2 2000 137 1 0 1847 15 
61200 3 2000 363 11 0 1599 27 
61200 4 2000 143 3 0 1846 7 
61200 5 2000 525 18 0 1422 35 
61200 6 2000 286 5 0 1696 13 
62400 0 2000 1184 94 0 598 121 
62400 1 2000 248 3 0 1730 18 
62400 2 2000 136 1 0 1857 6 
62400 3 2000 345 14 0 1610 30 
62400 4 2000 138 0 0 1834 26 
62400 5 2000 505 15 0 1419 59 
62400 6 2000 290 3 0 1686 20 
63600 0 2000 1191 107 0 586 114 
63600 1 2000 243 4 0 1735 17 
63600 2 2000 131 0 0 1861 8 
63600 3 2000 358 10 0 1602 29 
63600 4 2000 132 1 0 1866 0 
63600 5 2000 500 20 0 1449 29 
63600 6 2000 247 4 0 1729 19 
64800 0 2000 1215 96 0 585 104 
64800 1 2000 252 4 0 1720 24 
64800 2 2000 128 0 0 1861 11 
64800 3 2000 354 8 0 1594 44 
64800 4 2000 130 0 0 1842 28 
64800 5 2000 497 18 0 1431 54 
64800 6 2000 266 7 0 1713 14 
66000 0 2000 1172 90 0 597 140 
66000 1 2000 241 4 0 1740 14 
66000 2 2000 120 2 0 1855 23 
66000 3 2000 372 4 0 1593 31 
66000 4 2000 147 1 0 1848 4 
66000 5 2000 502 19 0 1432 47 
66000 6 2000 274 6 0 1705 14 
67200 0 2000 1205 93 0 569 131 
67200 1 2000 253 5 0 1729 12 
67200 2 2000 148 2 0 1839 11 
67200 3 2000 359 9 0 1604 28 
67200 4 2000 140 1 0 1843 16 
67200 5 2000 530 13 0 1424 32 
67200 6 2000 277 7 0 1693 22 
68400 0 2000 1184 77 0 586 151 
68400 1 2000 242 1 0 1738 18 
68400 2 2000 125 0 0 1863 12 
68400 3 2000 356 8 0 1612 24 
68400 4 2000 135 3 0 1850 12 
68400 5 2000 508 17 0 1448 26 
68400 6 2000 284 3 0 1693 19 
69600 0 2000 1181 90 0 575 154 
69600 1 2000 236 5 0 1738 21 
69600 2 2000 132 1 0 1862 5 
69600 3 2000 361 6 0 1591 41 
69600 4 2000 145 3 0 1844 6 
69600 5 2000 490 18 0 1443 48 
69600 6 2000 280 5 0 1688 27 
70800 0 2000 1195 123 0 562 120 
70800 1 2000 246 3 0 1737 13 
70800 2 2000 133 0 0 1857 10 
70800 3 2000 365 13 0 1602 20 
70800 4 2000 145 1 0 1844 10 
70800 5 2000 510 13 0 1435 41 
70800 6 2000 276 6 0 1706 11 
72000 0 2000 1200 118 0 573 108 
72000 1 2000 243 3 0 1737 17 
72000 2 2000 136 2 0 1850 12 
72000 3 2000 352 15 0 1611 22 
72000 4 2000 151 1 0 1833 15 
72000 5 2000 534 19 0 1418 29 
72000 6 2000 270 4 0 1707 19 
73200 0 2000 1222 94 0 553 131 
73200 1 2000 243 2 0 1739 16 
73200 2 2000 124 0 0 1874 2 
73200 3 2000 366 7 0 1605 22 
73200 4 2000 146 2 0 1843 9 
73200 5 2000 499 14 0 1445 42 
73200 6 2000 264 2 0 1701 33 
74400 0 2000 1192 98 0 580 127 
74400 1 2000 248 5 0 1729 17 
74400 2 2000 145 1 0 1845 9 
74400 3 2000 365 8 0 1586 39 
74400 4 2000 141 0 0 1848 10 
74400 5 2000 515 14 0 1435 34 
74400 6 2000 269 4 0 1701 25 
75600 0 2000 1207 107 0 571 113 
75600 1 2000 239 5 0 1739 16 
75600 2 2000 126 0 0 1860 14 
75600 3 2000 358 5 0 1618 19 
75600 4 2000 143 0 0 1852 5 
75600 5 2000 496 22 0 1443 38 
75600 6 2000 266 6 0 1708 19 
76800 0 2000 1190 102 0 561 144 
76800 1 2000 255 3 0 1722 19 
76800 2 2000 135 4 0 1837 24 
76800 3 2000 353 12 0 1601 33 
76800 4 2000 138 1 0 1850 10 
76800 5 2000 507 16 0 1422 53 
76800 6 2000 248 3 0 1732 16 
78000 0 2000 1178 106 0 572 142 
78000 1 2000 245 6 0 1739 9 
78000 2 2000 128 2 0 1864 6 
78000 3 2000 347 12 0 1605 36 
78000 4 2000 128 1 0 1868 3 
78000 5 2000 516 15 0 1448 21 
78000 6 2000 284 3 0 1697 15 
79200 0 2000 1215 92 0 578 115 
79200 1 2000 251 2 0 1740 7 
79200 2 2000 120 0 0 1868 12 
79200 3 2000 370 8 0 1594 28 
79200 4 2000 160 2 0 1828 9 
79200 5 2000 532 15 0 1424 28 
79200 6 2000 285 3 0 1688 24 
80400 0 2000 1202 108 0 556 132 
80400 1 2000 244 3 0 1736 17 
80400 2 2000 127 0 0 1865 8 
80400 3 2000 352 11 0 1615 21 
80400 4 2000 138 2 0 1851 7 
80400 5 2000 499 24 0 1438 38 
80400 6 2000 274 5 0 1698 23 
81600 0 2000 1161 113 0 595 129 
81600 1 2000 246 7 0 1731 15 
81600 2 2000 127 4 0 1858 11 
81600 3 2000 365 9 0 1600 25 
81600 4 2000 142 2 0 1843 12 
81600 5 2000 490 18 0 1454 37 
81600 6 2000 274 5 0 1699 21 
82800 0 2000 1208 100 0 564 127 
82800 1 2000 248 3 0 1738 11 
82800 2 2000 140 1 0 1850 9 
82800 3 2000 361 4 0 1618 17 
82800 4 2000 140 0 0 1855 5 
82800 5 2000 513 11 0 1455 21 
82800 6 2000 272 4 0 1713 11 
84000 0 2000 1200 104 0 570 126 
84000 1 2000 241 3 0 1742 13 
84000 2 2000 135 0 0 1853 12 
84000 3 2000 351 5 0 1624 20 
84000 4 2000 139 0 0 1848 12 
84000 5 2000 507 14 0 1444 33 
84000 6 2000 258 3 0 1719 19 
85200 0 2000 1209 117 0 556 115 
85200 1 2000 255 8 0 1728 8 
85200 2 2000 147 1 0 1841 11 
85200 3 2000 358 10 0 1610 21 
85200 4 2000 145 0 0 1853 1 
85200 5 2000 511 12 0 1435 41 
85200 6 2000 275 5 0 1698 21 
86400 0 2000 1177 112 0 564 146 
86400 1 2000 245 3 0 1728 24 
86400 2 2000 142 2 0 1844 12 
86400 3 2000 372 12 0 1599 17 
86400 4 2000 148 2 0 1843 7 
86400 5 2000 517 18 0 1410 55 
86400 6 2000 273 5 0 1715 7 
87600 0 2000 1180 108 0 570 140 
87600 1 2000 254 4 0 1735 7 
87600 2 2000 139 1 0 1855 5 
87600 3 2000 370 10 0 1587 32 
87600 4 2000 138 2 0 1856 3 
87600 5 2000 501 24 0 1440 34 
87600 6 2000 285 1 0 1706 8 
88800 0 2000 1214 102 0 566 118 
88800 1 2000 246 4 0 1744 6 
88800 2 2000 144 2 0 1844 10 
88800 3 2000 367 11 0 1597 24 
88800 4 2000 145 1 0 1850 3 
88800 5 2000 496 19 0 1444 40 
88800 6 2000 273 5 0 1698 23 
90000 0 2000 1218 114 0 560 107 
90000 1 2000 247 4 0 1737 12 
90000 2 2000 130 1 0 1860 9 
90000 3 2000 348 8 0 1619 25 
90000 4 2000 123 1 0 1868 8 
90000 5 2000 521 14 0 1426 39 
90000 6 2000 280 1 0 1707 12 
91200 0 2000 1215 89 0 569 127 
91200 1 2000 252 4 0 1740 4 
91200 2 2000 135 1 0 1855 9 
91200 3 2000 361 7 0 1610 22 
91200 4 2000 134 3 0 1849 14 
91200 5 2000 527 14 0 1416 43 
91200 6 2000 257 2 0 1717 24 
92400 0 2000 1212 107 0 567 112 
92400 1 2000 239 8 0 1745 8 
92400 2 2000 129 0 0 1867 4 
92400 3 2000 350 10 0 1600 40 
92400 4 2000 150 1 0 1841 7 
92400 5 2000 512 15 0 1425 46 
92400 6 2000 277 7 0 1698 18 
93600 0 2000 1178 95 0 566 159 
93600 1 2000 255 2 0 1719 23 
93600 2 2000 135 0 0 1859 6 
93600 3 2000 370 8 0 1595 27 
93600 4 2000 143 2 0 1835 19 
93600 5 2000 507 11 0 1424 57 
93600 6 2000 267 6 0 1695 31 
94800 0 2000 1182 119 0 565 132 
94800 1 2000 238 6 0 1746 10 
94800 2 2000 139 0 0 1856 5 
94800 3 2000 360 5 0 1609 26 
94800 4 2000 146 0 0 1839 15 
94800 5 2000 528 19 0 1430 23 
94800 6 2000 285 6 0 1689 19 
96000 0 2000 1176 114 0 561 149 
96000 1 2000 248 6 0 1726 19 
96000 2 2000 130 0 0 1867 3 
96000 3 2000 362 5 0 1591 42 
96000 4 2000 140 1 0 1849 10 
96000 5 2000 521 13 0 1416 49 
96000 6 2000 286 5 0 1692 16 
97200 0 2000 1231 97 0 548 121 
97200 1 2000 247 2 0 1729 21 
97200 2 2000 140 3 0 1837 20 
97200 3 2000 374 10 0 1584 32 
97200 4 2000 138 0 0 1856 5 
97200 5 2000 511 17 0 1425 46 
97200 6 2000 272 6 0 1708 13 
98400 0 2000 1214 108 0 571 106 
98400 1 2000 242 3 0 1747 7 
98400 2 2000 137 2 0 1850 11 
98400 3 2000 371 9 0 1588 32 
98400 4 2000 134 1 0 1849 16 
98400 5 2000 526 17 0 1427 30 
98400 6 2000 273 6 0 1699 21 
99600 0 2000 1182 115 0 556 146 
99600 1 2000 245 4 0 1738 13 
99600 2 2000 137 3 0 1855 5 
99600 3 2000 363 11 0 1591 35 
99600 4 2000 134 4 0 1855 6 
99600 5 2000 526 15 0 1407 52 
99600 6 2000 271 11 0 1697 21 
100800 0 2000 1181 101 0 571 146 
100800 1 2000 241 5 0 1738 16 
100800 2 2000 135 1 0 1859 5 
100800 3 2000 373 7 0 1592 28 
100800 4 2000 139 4 0 1851 5 
100800 5 2000 524 22 0 1415 39 
100800 6 2000 283 4 0 1686 27 
102000 0 2000 1223 106 0 563 106 
102000 1 2000 235 3 0 1755 6 
102000 2 2000 136 2 0 1850 12 
102000 3 2000 361 8 0 1612 19 
102000 4 2000 140 1 0 1858 1 
102000 5 2000 501 15 0 1428 55 
102000 6 2000 270 3 0 1707 19 
103200 0 2000 1229 106 0 570 94 
103200 1 2000 253 3 0 1738 6 
103200 2 2000 142 2 0 1836 20 
103200 3 2000 365 10 0 1599 25 
103200 4 2000 150 2 0 1845 2 
103200 5 2000 532 18 0 1427 22 
103200 6 2000 274 9 0 1697 20 
104400 0 2000 1201 89 0 561 149 
104400 1 2000 256 2 0 1721 21 
104400 2 2000 137 0 0 1849 14 
104400 3 2000 374 11 0 1570 44 
104400 4 2000 145 3 0 1847 4 
104400 5 2000 519 19 0 1417 44 
104400 6 2000 279 4 0 1697 19 
105600 0 2000 1225 97 0 537 139 
105600 1 2000 250 5 0 1728 16 
105600 2 2000 134 1 0 1847 18 
105600 3 2000 356 12 0 1598 34 
105600 4 2000 143 4 0 1850 3 
105600 5 2000 526 12 0 1424 37 
105600 6 2000 266 6 0 1702 25 
106800 0 2000 1224 108 0 547 121 
106800 1 2000 257 6 0 1719 18 
106800 2 2000 130 2 0 1848 20 
106800 3 2000 369 13 0 1574 44 
106800 4 2000 129 2 0 1853 16 
106800 5 2000 511 18 0 1444 27 
106800 6 2000 273 5 0 1695 27 
108000 0 2000 1221 96 0 552 129 
108000 1 2000 240 5 0 1743 11 
108000 2 2000 126 3 0 1865 6 
108000 3 2000 350 10 0 1598 42 
108000 4 2000 134 2 0 1852 12 
108000 5 2000 524 18 0 1429 29 
108000 6 2000 270 5 0 1702 22 
109200 0 2000 1214 105 0 555 125 
109200 1 2000 259 5 0 1711 24 
109200 2 2000 147 0 0 1848 5 
109200 3 2000 378 9 0 1575 38 
109200 4 2000 147 0 0 1844 9 
109200 5 2000 537 12 0 1408 42 
109200 6 2000 286 8 0 1686 19 
110400 0 2000 1230 89 0 553 128 
110400 1 2000 243 5 0 1727 25 
110400 2 2000 134 1 0 1854 11 
110400 3 2000 357 16 0 1615 12 
110400 4 2000 142 2 0 1850 6 
110400 5 2000 516 19 0 1428 37 
110400 6 2000 276 6 0 1696 22 
111600 0 2000 1227 96 0 569 107 
111600 1 2000 251 8 0 1727 14 
111600 2 2000 127 1 0 1857 15 
111600 3 2000 365 11 0 1596 28 
111600 4 2000 131 3 0 1860 6 
111600 5 2000 531 11 0 1419 39 
111600 6 2000 278 2 0 1699 21 
112800 0 2000 1201 99 0 560 138 
112800 1 2000 253 6 0 1711 29 
112800 2 2000 133 3 0 1863 1 
112800 3 2000 372 11 0 1589 27 
112800 4 2000 139 2 0 1854 4 
112800 5 2000 517 22 0 1422 38 
112800 6 2000 269 5 0 1704 21 
114000 0 2000 1232 101 0 543 123 
114000 1 2000 244 2 0 1734 19 
114000 2 2000 132 0 0 1859 9 
114000 3 2000 372 8 0 1601 19 
114000 4 2000 138 2 0 1846 13 
114000 5 2000 518 13 0 1419 49 
114000 6 2000 257 4 0 1724 14 
115200 0 2000 1223 106 0 546 125 
115200 1 2000 250 7 0 1728 15 
115200 2 2000 134 0 0 1861 5 
115200 3 2000 371 14 0 1582 32 
115200 4 2000 142 0 0 1851 6 
115200 5 2000 522 21 0 1424 32 
115200 6 2000 278 2 0 1687 33 
116400 0 2000 1231 99 0 553 115 
116400 1 2000 227 3 0 1752 18 
116400 2 2000 140 1 0 1847 12 
116400 3 2000 367 9 0 1602 22 
116400 4 2000 139 3 0 1852 6 
116400 5 2000 510 20 0 1413 57 
116400 6 2000 280 2 0 1702 15 
117600 0 2000 1200 100 1 562 135 
117600 1 2000 242 6 0 1729 22 
117600 2 2000 138 2 0 1842 18 
117600 3 2000 369 10 0 1588 33 
117600 4 2000 150 0 0 1841 9 
117600 5 2000 500 23 0 1445 32 
117600 6 2000 289 2 0 1677 31 
118800 0 2000 1221 93 0 549 135 
118800 1 2000 246 10 0 1727 16 
118800 2 2000 147 1 0 1842 10 
118800 3 2000 380 7 0 1584 29 
118800 4 2000 147 3 0 1839 10 
118800 5 2000 530 11 0 1425 34 
118800 6 2000 284 3 0 1697 15 
