0 0 0 0 0 0 0 0 
0 1 0 0 0 0 0 0 
0 2 0 0 0 0 0 0 
0 3 0 0 0 0 0 0 
0 4 0 0 0 0 0 0 
0 5 0 0 0 0 0 0 
0 6 0 0 0 0 0 0 
1200 0 2000 1228 92 0 679 0 
1200 1 2000 236 6 0 1758 0 
1200 2 2000 124 1 0 1875 0 
1200 3 2000 348 8 0 1643 0 
1200 4 2000 154 1 0 1844 0 
1200 5 2000 507 18 0 1474 0 
1200 6 2000 284 5 0 1711 0 
2400 0 2000 1205 94 0 700 0 
2400 1 2000 250 5 0 1744 0 
2400 2 2000 129 0 0 1871 0 
2400 3 2000 348 9 0 1643 0 
2400 4 2000 136 3 0 1861 0 
2400 5 2000 495 20 0 1485 0 
2400 6 2000 257 7 0 1735 0 
3600 0 2000 1223 85 0 692 0 
3600 1 2000 230 3 0 1767 0 
3600 2 2000 128 0 0 1872 0 
3600 3 2000 365 4 0 1631 0 
3600 4 2000 136 1 0 1863 0 
3600 5 2000 505 16 0 1479 0 
3600 6 2000 273 6 0 1721 0 
4800 0 2000 1237 69 0 693 0 
4800 1 2000 253 1 0 1745 0 
4800 2 2000 126 0 0 1874 0 
4800 3 2000 345 10 0 1645 0 
4800 4 2000 141 1 0 1858 0 
4800 5 2000 505 14 0 1481 0 
4800 6 2000 271 3 0 1725 0 
6000 0 2000 1211 97 0 691 0 
6000 1 2000 263 1 0 1735 0 
6000 2 2000 121 2 0 1877 0 
6000 3 2000 359 9 0 1632 0 
6000 4 2000 132 3 0 1865 0 
6000 5 2000 494 18 0 1488 0 
6000 6 2000 249 3 0 1747 0 
7200 0 2000 1207 103 0 690 0 
7200 1 2000 253 3 0 1744 0 
7200 2 2000 121 0 0 1879 0 
7200 3 2000 355 9 0 1636 0 
7200 4 2000 132 1 0 1867 0 
7200 5 2000 513 25 0 1462 0 
7200 6 2000 270 5 0 1725 0 
8400 0 2000 1214 99 0 687 0 
8400 1 2000 246 4 0 1750 0 
8400 2 2000 127 1 0 1872 0 
8400 3 2000 359 11 0 1630 0 
8400 4 2000 130 0 0 1870 0 
8400 5 2000 504 11 0 1485 0 
8400 6 2000 272 3 0 1725 0 
9600 0 2000 1219 90 0 690 0 
9600 1 2000 258 2 0 1739 0 
9600 2 2000 131 0 0 1869 0 
9600 3 2000 350 10 0 1640 0 
9600 4 2000 149 2 0 1849 0 
9600 5 2000 523 13 0 1464 0 
9600 6 2000 278 3 0 1718 0 
10800 0 2000 1198 100 0 702 0 
10800 1 2000 235 6 0 1759 0 
10800 2 2000 116 3 0 1881 0 
10800 3 2000 365 5 0 1630 0 
10800 4 2000 135 1 0 1864 0 
10800 5 2000 514 14 0 1472 0 
10800 6 2000 270 8 0 1722 0 
12000 0 2000 1225 96 0 678 0 
12000 1 2000 240 7 0 1753 0 
12000 2 2000 133 0 0 1867 0 
12000 3 2000 355 8 0 1637 0 
12000 4 2000 130 2 0 1867 0 
12000 5 2000 508 16 0 1475 0 
12000 6 2000 270 7 0 1723 0 
13200 0 2000 1187 101 0 711 0 
13200 1 2000 255 4 0 1741 0 
13200 2 2000 128 1 0 1871 0 
13200 3 2000 367 7 0 1626 0 
13200 4 2000 142 1 0 1857 0 
13200 5 2000 509 16 0 1475 0 
13200 6 2000 277 8 0 1714 0 
14400 0 2000 1201 101 0 697 0 
14400 1 2000 236 6 0 1757 0 
14400 2 2000 136 2 0 1862 0 
14400 3 2000 355 12 0 1633 0 
14400 4 2000 145 0 0 1855 0 
14400 5 2000 520 13 0 1467 0 
14400 6 2000 272 6 0 1721 0 
15600 0 2000 1224 76 0 699 0 
15600 1 2000 241 7 0 1752 0 
15600 2 2000 117 1 0 1882 0 
15600 3 2000 361 5 0 1633 0 
15600 4 2000 127 3 0 1869 0 
15600 5 2000 488 10 0 1501 0 
15600 6 2000 280 1 0 1719 0 
16800 0 2000 1198 104 0 695 0 
16800 1 2000 245 2 0 1752 0 
16800 2 2000 132 3 0 1865 0 
16800 3 2000 377 4 0 1618 0 
16800 4 2000 136 1 0 1862 0 
16800 5 2000 487 18 0 1493 0 
16800 6 2000 269 2 0 1728 0 
18000 0 2000 1149 81 0 658 111 
18000 1 2000 233 3 0 1751 13 
18000 2 2000 122 1 0 1871 6 
18000 3 2000 344 10 0 1622 24 
18000 4 2000 138 2 0 1848 11 
18000 5 2000 489 16 0 1463 32 
18000 6 2000 263 3 0 1718 16 
19200 0 2000 1155 74 0 665 104 
19200 1 2000 232 4 0 1746 18 
19200 2 2000 117 0 0 1875 8 
19200 3 2000 355 4 0 1620 20 
19200 4 2000 123 0 0 1855 21 
19200 5 2000 492 11 0 1468 28 
19200 6 2000 269 6 0 1706 19 
20400 0 2000 1152 73 0 645 127 
20400 1 2000 212 5 0 1776 6 
20400 2 2000 119 2 0 1871 8 
20400 3 2000 329 4 0 1642 24 
20400 4 2000 124 0 0 1865 10 
20400 5 2000 464 14 0 1487 33 
20400 6 2000 245 2 0 1733 19 
21600 0 2000 1152 69 0 682 97 
21600 1 2000 212 2 0 1770 16 
21600 2 2000 115 2 0 1879 4 
21600 3 2000 306 7 0 1666 21 
21600 4 2000 116 1 0 1876 7 
21600 5 2000 443 15 0 1506 36 
21600 6 2000 244 1 0 1747 8 
22800 0 2000 1135 71 0 701 92 
22800 1 2000 214 3 0 1771 12 
22800 2 2000 114 0 0 1880 6 
22800 3 2000 309 6 0 1663 21 
22800 4 2000 128 3 0 1865 3 
22800 5 2000 443 12 0 1523 22 
22800 6 2000 237 2 0 1732 29 
24000 0 2000 1147 44 0 709 100 
24000 1 2000 197 1 0 1795 7 
24000 2 2000 114 1 0 1882 3 
24000 3 2000 298 6 0 1670 26 
24000 4 2000 110 1 0 1888 1 
24000 5 2000 452 4 0 1521 23 
24000 6 2000 236 0 0 1754 10 
25200 0 2000 1135 67 0 719 79 
25200 1 2000 193 7 0 1794 6 
25200 2 2000 113 0 0 1882 5 
25200 3 2000 297 5 0 1686 12 
25200 4 2000 112 1 0 1885 2 
25200 5 2000 420 13 0 1549 18 
25200 6 2000 226 3 0 1755 16 
26400 0 2000 1170 55 0 697 78 
26400 1 2000 195 0 0 1804 1 
26400 2 2000 93 0 0 1905 2 
26400 3 2000 286 2 0 1692 20 
26400 4 2000 118 2 0 1867 13 
26400 5 2000 418 8 0 1549 25 
26400 6 2000 234 0 0 1759 7 
27600 0 2000 1129 60 0 702 107 
27600 1 2000 195 2 0 1793 9 
27600 2 2000 101 0 0 1895 4 
27600 3 2000 303 3 0 1686 8 
27600 4 2000 117 0 0 1879 3 
27600 5 2000 409 9 0 1556 26 
27600 6 2000 225 1 0 1766 7 
28800 0 2000 1132 40 0 701 126 
28800 1 2000 193 3 0 1798 5 
28800 2 2000 99 1 0 1895 5 
28800 3 2000 290 2 0 1695 13 
28800 4 2000 113 2 0 1883 2 
28800 5 2000 415 6 0 1557 22 
28800 6 2000 216 1 0 1776 6 
30000 0 2000 1135 50 0 691 124 
30000 1 2000 185 2 0 1801 12 
30000 2 2000 100 2 0 1890 8 
30000 3 2000 277 2 0 1703 18 
30000 4 2000 112 1 0 1881 6 
30000 5 2000 418 6 0 1561 15 
30000 6 2000 210 4 0 1779 7 
31200 0 2000 1144 51 0 699 105 
31200 1 2000 179 1 0 1810 10 
31200 2 2000 93 2 0 1904 1 
31200 3 2000 292 1 0 1693 14 
31200 4 2000 109 1 0 1889 1 
31200 5 2000 390 6 0 1587 17 
31200 6 2000 202 1 0 1789 8 
32400 0 2000 1163 40 0 725 72 
32400 1 2000 169 0 0 1823 8 
32400 2 2000 95 0 0 1902 3 
32400 3 2000 275 5 0 1701 19 
32400 4 2000 92 0 0 1908 0 
32400 5 2000 393 3 0 1587 17 
32400 6 2000 216 2 0 1775 7 
33600 0 2000 1158 37 0 732 73 
33600 1 2000 159 2 0 1830 9 
33600 2 2000 87 0 0 1913 0 
33600 3 2000 279 2 0 1707 12 
33600 4 2000 102 0 0 1895 3 
33600 5 2000 373 5 0 1614 8 
33600 6 2000 201 2 0 1789 8 
34800 0 2000 1144 44 0 707 105 
34800 1 2000 167 0 0 1829 4 
34800 2 2000 95 0 0 1899 6 
34800 3 2000 271 2 0 1716 11 
34800 4 2000 106 0 0 1889 5 
34800 5 2000 370 3 0 1598 29 
34800 6 2000 189 0 0 1801 10 
36000 0 2000 1150 40 0 707 103 
36000 1 2000 160 1 0 1837 2 
36000 2 2000 76 0 0 1921 3 
36000 3 2000 271 1 0 1712 16 
36000 4 2000 107 0 0 1890 3 
36000 5 2000 357 1 0 1621 21 
36000 6 2000 193 0 0 1794 13 
37200 0 2000 1135 39 0 738 88 
37200 1 2000 164 0 0 1826 10 
37200 2 2000 85 0 0 1913 2 
37200 3 2000 262 2 0 1725 11 
37200 4 2000 94 0 0 1901 5 
37200 5 2000 366 3 0 1606 25 
37200 6 2000 183 2 0 1813 2 
38400 0 2000 1145 39 0 721 94 
38400 1 2000 166 0 0 1829 5 
38400 2 2000 86 0 0 1914 0 
38400 3 2000 246 0 0 1745 9 
38400 4 2000 96 0 0 1902 2 
38400 5 2000 346 2 0 1626 26 
38400 6 2000 190 0 0 1808 2 
39600 0 2000 1138 42 0 740 80 
39600 1 2000 160 1 0 1837 2 
39600 2 2000 95 0 0 1902 3 
39600 3 2000 244 1 0 1748 7 
39600 4 2000 88 0 0 1907 5 
39600 5 2000 340 6 0 1652 2 
39600 6 2000 190 1 0 1800 9 
40800 0 2000 1155 29 0 724 92 
40800 1 2000 158 1 0 1840 1 
40800 2 2000 91 0 0 1899 10 
40800 3 2000 248 0 0 1737 15 
40800 4 2000 83 0 0 1915 2 
40800 5 2000 375 3 0 1613 9 
40800 6 2000 188 1 0 1802 9 
42000 0 2000 1124 33 0 747 96 
42000 1 2000 151 1 0 1838 10 
42000 2 2000 86 0 0 1910 4 
42000 3 2000 265 1 0 1711 23 
42000 4 2000 79 2 0 1917 2 
42000 5 2000 347 1 0 1639 13 
42000 6 2000 184 1 0 1806 9 
43200 0 2000 1156 28 0 744 72 
43200 1 2000 158 0 0 1836 6 
43200 2 2000 72 0 0 1928 0 
43200 3 2000 241 1 0 1740 18 
43200 4 2000 90 0 0 1910 0 
43200 5 2000 344 3 0 1637 16 
43200 6 2000 190 0 0 1807 3 
44400 0 2000 1125 22 0 773 80 
44400 1 2000 154 1 0 1839 6 
44400 2 2000 73 1 0 1923 3 
44400 3 2000 249 0 0 1745 6 
44400 4 2000 84 1 0 1912 3 
44400 5 2000 319 0 0 1667 14 
44400 6 2000 181 2 0 1809 8 
45600 0 2000 1131 32 0 751 86 
45600 1 2000 152 0 0 1838 10 
45600 2 2000 84 1 0 1915 0 
45600 3 2000 239 1 0 1750 10 
45600 4 2000 84 0 0 1915 1 
45600 5 2000 344 1 0 1639 16 
45600 6 2000 178 0 0 1814 8 
46800 0 2000 1112 37 0 752 99 
46800 1 2000 154 1 0 1840 5 
46800 2 2000 88 0 0 1911 1 
46800 3 2000 253 2 0 1734 11 
46800 4 2000 82 0 0 1915 3 
46800 5 2000 341 3 0 1648 8 
46800 6 2000 183 0 0 1813 4 
48000 0 2000 1138 26 0 771 65 
48000 1 2000 136 1 0 1863 0 
48000 2 2000 79 0 0 1918 3 
48000 3 2000 240 2 0 1747 11 
48000 4 2000 87 1 0 1911 1 
48000 5 2000 336 2 0 1648 14 
48000 6 2000 166 0 0 1834 0 
49200 0 2000 1165 25 0 756 54 
49200 1 2000 144 0 0 1852 4 
49200 2 2000 75 0 0 1923 2 
49200 3 2000 238 4 0 1752 6 
49200 4 2000 85 0 0 1915 0 
49200 5 2000 332 2 0 1662 4 
49200 6 2000 168 0 0 1829 3 
50400 0 2000 1158 19 0 769 54 
50400 1 2000 143 1 0 1852 4 
50400 2 2000 70 0 0 1930 0 
50400 3 2000 238 1 0 1757 4 
50400 4 2000 83 1 0 1915 1 
50400 5 2000 341 2 0 1651 6 
50400 6 2000 161 0 0 1835 4 
51600 0 2000 1156 22 0 769 53 
51600 1 2000 131 0 0 1866 3 
51600 2 2000 81 0 0 1916 3 
51600 3 2000 216 0 0 1779 5 
51600 4 2000 78 0 0 1922 0 
51600 5 2000 308 0 0 1681 11 
51600 6 2000 180 0 0 1813 7 
52800 0 2000 1148 22 0 752 78 
52800 1 2000 131 0 0 1863 6 
52800 2 2000 68 0 0 1930 2 
52800 3 2000 226 1 0 1762 11 
52800 4 2000 77 0 0 1921 2 
52800 5 2000 326 2 0 1667 5 
52800 6 2000 165 1 0 1833 1 
54000 0 2000 1111 16 0 803 70 
54000 1 2000 137 1 0 1860 2 
54000 2 2000 69 0 0 1931 0 
54000 3 2000 239 1 0 1758 2 
54000 4 2000 77 0 0 1923 0 
54000 5 2000 308 1 0 1669 22 
54000 6 2000 175 1 0 1822 2 
55200 0 2000 1135 27 0 743 95 
55200 1 2000 141 1 0 1855 3 
55200 2 2000 75 0 0 1915 10 
55200 3 2000 234 0 0 1758 8 
55200 4 2000 84 0 0 1915 1 
55200 5 2000 298 1 0 1695 6 
55200 6 2000 163 2 0 1835 0 
56400 0 2000 1152 23 0 764 61 
56400 1 2000 141 1 0 1856 2 
56400 2 2000 76 1 0 1918 5 
56400 3 2000 221 1 0 1768 10 
56400 4 2000 86 0 0 1914 0 
56400 5 2000 309 1 0 1680 10 
56400 6 2000 160 0 0 1839 1 
57600 0 2000 1156 25 0 761 58 
57600 1 2000 132 0 0 1863 5 
57600 2 2000 67 0 0 1933 0 
57600 3 2000 232 1 0 1760 7 
57600 4 2000 77 0 0 1922 1 
57600 5 2000 306 3 0 1687 4 
57600 6 2000 171 0 0 1828 1 
58800 0 2000 1139 18 0 781 62 
58800 1 2000 126 0 0 1873 1 
58800 2 2000 70 0 0 1930 0 
58800 3 2000 223 0 0 1764 13 
58800 4 2000 86 0 0 1910 4 
58800 5 2000 304 3 0 1690 3 
58800 6 2000 159 0 0 1841 0 
60000 0 2000 1126 22 0 790 62 
60000 1 2000 124 1 0 1875 0 
60000 2 2000 72 0 0 1926 2 
60000 3 2000 216 0 0 1782 2 
60000 4 2000 80 0 0 1917 3 
60000 5 2000 324 2 0 1665 9 
60000 6 2000 155 0 0 1845 0 
61200 0 2000 1141 18 0 756 85 
61200 1 2000 131 0 0 1866 3 
61200 2 2000 67 0 0 1930 3 
61200 3 2000 220 0 0 1774 6 
61200 4 2000 73 2 0 1925 0 
61200 5 2000 319 1 0 1672 8 
61200 6 2000 155 0 0 1837 8 
62400 0 2000 1145 24 0 773 58 
62400 1 2000 123 0 0 1877 0 
62400 2 2000 71 0 0 1928 1 
62400 3 2000 228 1 0 1769 2 
62400 4 2000 80 0 0 1918 2 
62400 5 2000 296 2 0 1695 7 
62400 6 2000 164 1 0 1835 0 
63600 0 2000 1132 24 0 773 71 
63600 1 2000 146 1 0 1844 9 
63600 2 2000 71 1 0 1927 1 
63600 3 2000 219 0 0 1781 0 
63600 4 2000 76 1 0 1922 1 
63600 5 2000 316 3 0 1667 14 
63600 6 2000 170 0 0 1825 5 
64800 0 2000 1129 24 0 790 57 
64800 1 2000 131 0 0 1866 3 
64800 2 2000 72 0 0 1928 0 
64800 3 2000 202 2 0 1793 3 
64800 4 2000 82 0 0 1917 1 
64800 5 2000 311 2 0 1687 0 
64800 6 2000 162 2 0 1836 0 
66000 0 2000 1131 22 0 796 51 
66000 1 2000 127 0 0 1869 4 
66000 2 2000 69 0 0 1930 1 
66000 3 2000 227 0 0 1768 5 
66000 4 2000 90 1 0 1909 0 
66000 5 2000 307 2 0 1680 11 
66000 6 2000 165 0 0 1831 4 
67200 0 2000 1141 29 0 755 75 
67200 1 2000 125 1 0 1873 1 
67200 2 2000 66 0 0 1933 1 
67200 3 2000 206 1 0 1792 1 
67200 4 2000 80 0 0 1919 1 
67200 5 2000 301 3 0 1690 6 
67200 6 2000 158 1 0 1841 0 
68400 0 2000 1137 17 0 798 48 
68400 1 2000 133 0 0 1867 0 
68400 2 2000 72 0 0 1928 0 
68400 3 2000 222 1 0 1768 9 
68400 4 2000 79 1 0 1920 0 
68400 5 2000 306 0 0 1691 3 
68400 6 2000 175 0 0 1825 0 
69600 0 2000 1142 22 0 772 64 
69600 1 2000 126 1 0 1867 6 
69600 2 2000 65 0 0 1935 0 
69600 3 2000 218 0 0 1775 7 
69600 4 2000 82 0 0 1918 0 
69600 5 2000 323 1 0 1661 15 
69600 6 2000 165 0 0 1830 5 
70800 0 2000 1127 23 0 779 71 
70800 1 2000 125 0 0 1870 5 
70800 2 2000 66 0 0 1934 0 
70800 3 2000 224 2 0 1762 12 
70800 4 2000 68 2 0 1930 0 
70800 5 2000 300 2 0 1678 20 
70800 6 2000 162 0 0 1833 5 
72000 0 2000 1145 27 0 791 37 
72000 1 2000 124 0 0 1874 2 
72000 2 2000 73 0 0 1927 0 
72000 3 2000 206 1 0 1786 7 
72000 4 2000 73 0 0 1927 0 
72000 5 2000 302 1 0 1691 6 
72000 6 2000 178 1 0 1821 0 
73200 0 2000 1124 22 0 790 64 
73200 1 2000 132 1 0 1866 1 
73200 2 2000 62 0 0 1933 5 
73200 3 2000 228 0 0 1770 2 
73200 4 2000 78 0 0 1922 0 
73200 5 2000 296 1 0 1697 6 
73200 6 2000 167 1 0 1831 1 
74400 0 2000 1124 20 0 798 58 
74400 1 2000 129 1 0 1868 2 
74400 2 2000 63 0 0 1935 2 
74400 3 2000 214 0 0 1780 6 
74400 4 2000 74 0 0 1926 0 
74400 5 2000 293 5 0 1700 2 
74400 6 2000 161 0 0 1838 1 
75600 0 2000 1148 22 0 761 69 
75600 1 2000 128 0 0 1867 5 
75600 2 2000 64 0 0 1935 1 
75600 3 2000 214 1 0 1775 10 
75600 4 2000 72 1 0 1927 0 
75600 5 2000 323 0 0 1664 13 
75600 6 2000 161 1 0 1838 0 
76800 0 2000 1135 27 0 768 70 
76800 1 2000 133 0 0 1864 3 
76800 2 2000 66 0 0 1933 1 
76800 3 2000 216 2 0 1776 6 
76800 4 2000 74 0 0 1926 0 
76800 5 2000 295 1 0 1700 4 
76800 6 2000 159 0 0 1839 2 
78000 0 2000 1135 19 0 779 67 
78000 1 2000 137 0 0 1860 3 
78000 2 2000 69 0 0 1931 0 
78000 3 2000 219 0 0 1775 6 
78000 4 2000 79 0 0 1920 1 
78000 5 2000 300 2 0 1697 1 
78000 6 2000 167 0 0 1832 1 
79200 0 2000 1138 22 0 789 51 
79200 1 2000 133 0 0 1867 0 
79200 2 2000 69 0 0 1926 5 
79200 3 2000 216 0 0 1781 3 
79200 4 2000 74 1 0 1924 1 
79200 5 2000 307 2 0 1674 17 
79200 6 2000 160 0 0 1839 1 
80400 0 2000 1136 22 0 772 70 
80400 1 2000 121 0 0 1874 5 
80400 2 2000 65 0 0 1935 0 
80400 3 2000 219 0 0 1775 6 
80400 4 2000 68 1 0 1930 1 
80400 5 2000 295 3 0 1699 3 
80400 6 2000 162 0 0 1836 2 
81600 0 2000 1113 29 0 792 66 
81600 1 2000 125 1 0 1870 4 
81600 2 2000 74 1 0 1924 1 
81600 3 2000 213 0 0 1787 0 
81600 4 2000 79 0 0 1921 0 
81600 5 2000 308 2 0 1683 7 
81600 6 2000 160 1 0 1835 4 
82800 0 2000 1120 21 0 796 63 
82800 1 2000 125 1 0 1871 3 
82800 2 2000 71 0 0 1924 5 
82800 3 2000 205 0 0 1788 7 
82800 4 2000 72 0 0 1926 2 
82800 5 2000 302 2 0 1695 1 
82800 6 2000 155 1 0 1838 6 
84000 0 2000 1121 16 0 783 80 
84000 1 2000 128 0 0 1871 1 
84000 2 2000 62 0 0 1938 0 
84000 3 2000 214 0 0 1784 2 
84000 4 2000 77 0 0 1922 1 
84000 5 2000 297 2 0 1698 3 
84000 6 2000 154 1 0 1842 3 
85200 0 2000 1112 26 0 783 79 
85200 1 2000 117 1 0 1880 2 
85200 2 2000 61 0 0 1938 1 
85200 3 2000 217 0 0 1781 2 
85200 4 2000 69 0 0 1930 1 
85200 5 2000 304 1 0 1693 2 
85200 6 2000 157 1 0 1839 3 
86400 0 2000 1122 21 0 794 63 
86400 1 2000 128 0 0 1872 0 
86400 2 2000 66 0 0 1931 3 
86400 3 2000 211 0 0 1781 8 
86400 4 2000 73 1 0 1926 0 
86400 5 2000 287 3 0 1705 5 
86400 6 2000 156 0 0 1843 1 
87600 0 2000 1151 19 0 785 45 
87600 1 2000 131 0 0 1869 0 
87600 2 2000 66 0 0 1933 1 
87600 3 2000 208 0 0 1786 6 
87600 4 2000 75 0 0 1925 0 
87600 5 2000 300 1 0 1693 6 
87600 6 2000 161 0 0 1839 0 
88800 0 2000 1134 19 0 804 43 
88800 1 2000 118 0 0 1881 1 
88800 2 2000 62 0 0 1938 0 
88800 3 2000 191 1 0 1808 0 
88800 4 2000 70 0 0 1930 0 
88800 5 2000 295 2 0 1698 5 
88800 6 2000 157 0 0 1837 6 
90000 0 2000 1155 18 0 778 49 
90000 1 2000 133 0 0 1864 3 
90000 2 2000 66 0 0 1934 0 
90000 3 2000 211 1 0 1785 3 
90000 4 2000 76 0 0 1917 7 
90000 5 2000 308 2 0 1684 6 
90000 6 2000 154 0 0 1845 1 
91200 0 2000 1138 14 0 806 42 
91200 1 2000 117 0 0 1881 2 
91200 2 2000 67 0 0 1932 1 
91200 3 2000 208 0 0 1788 4 
91200 4 2000 65 1 0 1932 2 
91200 5 2000 304 2 0 1686 8 
91200 6 2000 158 1 0 1840 1 
92400 0 2000 1118 18 0 820 44 
92400 1 2000 118 1 0 1881 0 
92400 2 2000 61 0 0 1938 1 
92400 3 2000 200 2 0 1793 5 
92400 4 2000 79 1 0 1920 0 
92400 5 2000 293 2 0 1702 3 
92400 6 2000 154 1 0 1844 1 
93600 0 2000 1117 20 0 804 59 
93600 1 2000 127 0 0 1873 0 
93600 2 2000 65 0 0 1935 0 
93600 3 2000 216 1 0 1779 4 
93600 4 2000 78 0 0 1922 0 
93600 5 2000 302 2 0 1678 18 
93600 6 2000 154 1 0 1842 3 
94800 0 2000 1139 27 0 791 43 
94800 1 2000 120 0 0 1880 0 
94800 2 2000 70 0 0 1928 2 
94800 3 2000 223 1 0 1775 1 
94800 4 2000 80 0 0 1920 0 
94800 5 2000 286 3 0 1710 1 
94800 6 2000 152 1 0 1847 0 
96000 0 2000 1123 21 0 804 52 
96000 1 2000 127 1 0 1872 0 
96000 2 2000 62 0 0 1938 0 
96000 3 2000 198 0 0 1797 5 
96000 4 2000 68 0 0 1932 0 
96000 5 2000 298 4 0 1694 4 
96000 6 2000 163 1 0 1830 6 
97200 0 2000 1136 20 0 785 59 
97200 1 2000 123 0 0 1877 0 
97200 2 2000 61 0 0 1938 1 
97200 3 2000 204 1 0 1786 9 
97200 4 2000 75 0 0 1925 0 
97200 5 2000 305 2 0 1692 1 
97200 6 2000 150 0 0 1847 3 
98400 0 2000 1124 15 0 788 73 
98400 1 2000 130 0 0 1869 1 
98400 2 2000 70 1 0 1928 1 
98400 3 2000 209 1 0 1788 2 
98400 4 2000 62 0 0 1938 0 
98400 5 2000 292 2 0 1698 8 
98400 6 2000 148 1 0 1848 3 
99600 0 2000 1116 18 0 806 60 
99600 1 2000 127 0 0 1873 0 
99600 2 2000 65 0 0 1935 0 
99600 3 2000 206 1 0 1789 4 
99600 4 2000 75 1 0 1921 3 
99600 5 2000 302 1 0 1695 2 
99600 6 2000 153 0 0 1842 5 
100800 0 2000 1111 20 0 813 56 
100800 1 2000 114 0 0 1885 1 
100800 2 2000 72 0 0 1927 1 
100800 3 2000 198 2 0 1799 1 
100800 4 2000 73 1 0 1926 0 
100800 5 2000 289 1 0 1708 2 
100800 6 2000 150 1 0 1847 2 
102000 0 2000 1135 22 0 794 49 
102000 1 2000 130 0 0 1870 0 
102000 2 2000 70 0 0 1930 0 
102000 3 2000 206 0 0 1784 10 
102000 4 2000 65 0 0 1935 0 
102000 5 2000 297 2 0 1699 2 
102000 6 2000 159 0 0 1840 1 
103200 0 2000 1123 18 0 797 62 
103200 1 2000 121 0 0 1875 4 
103200 2 2000 63 0 0 1937 0 
103200 3 2000 215 2 0 1781 2 
103200 4 2000 77 0 0 1923 0 
103200 5 2000 290 2 0 1702 6 
103200 6 2000 164 1 0 1832 3 
104400 0 2000 1139 17 0 784 60 
104400 1 2000 126 0 0 1873 1 
104400 2 2000 73 0 0 1926 1 
104400 3 2000 212 0 0 1777 11 
104400 4 2000 73 0 0 1927 0 
104400 5 2000 295 0 0 1702 3 
104400 6 2000 145 0 0 1853 2 
105600 0 2000 1104 17 0 828 51 
105600 1 2000 113 0 0 1887 0 
105600 2 2000 60 0 0 1939 1 
105600 3 2000 213 0 0 1780 7 
105600 4 2000 69 0 0 1928 3 
105600 5 2000 278 2 0 1717 3 
105600 6 2000 153 0 0 1846 1 
106800 0 2000 1127 21 0 800 52 
106800 1 2000 122 0 0 1874 4 
106800 2 2000 66 0 0 1934 0 
106800 3 2000 208 1 0 1789 2 
106800 4 2000 73 0 0 1927 0 
106800 5 2000 283 3 0 1714 0 
106800 6 2000 150 0 0 1848 2 
108000 0 2000 1099 22 0 829 50 
108000 1 2000 118 1 0 1880 1 
108000 2 2000 61 0 0 1939 0 
108000 3 2000 202 2 0 1795 1 
108000 4 2000 72 2 0 1926 0 
108000 5 2000 297 4 0 1694 5 
108000 6 2000 157 0 0 1840 3 
109200 0 2000 1136 22 0 772 70 
109200 1 2000 124 0 0 1873 3 
109200 2 2000 66 0 0 1934 0 
109200 3 2000 204 0 0 1790 6 
109200 4 2000 67 1 0 1932 0 
109200 5 2000 296 4 0 1696 4 
109200 6 2000 153 0 0 1847 0 
110400 0 2000 1113 19 0 789 79 
110400 1 2000 122 0 0 1876 2 
110400 2 2000 71 0 0 1927 2 
110400 3 2000 217 0 0 1781 2 
110400 4 2000 69 0 0 1929 2 
110400 5 2000 304 3 0 1688 5 
110400 6 2000 145 1 0 1851 3 
111600 0 2000 1129 21 0 799 51 
111600 1 2000 118 1 0 1881 0 
111600 2 2000 60 1 0 1938 1 
111600 3 2000 205 0 0 1786 9 
111600 4 2000 74 0 0 1926 0 
111600 5 2000 281 0 0 1716 3 
111600 6 2000 147 0 0 1852 1 
112800 0 2000 1119 22 0 782 77 
112800 1 2000 118 1 0 1880 1 
112800 2 2000 64 0 0 1935 1 
112800 3 2000 213 0 0 1781 6 
112800 4 2000 69 1 0 1927 3 
112800 5 2000 292 2 0 1701 5 
112800 6 2000 164 0 0 1831 5 
114000 0 2000 1143 21 0 782 54 
114000 1 2000 117 0 0 1883 0 
114000 2 2000 71 0 0 1928 1 
114000 3 2000 199 2 0 1797 2 
114000 4 2000 77 0 0 1923 0 
114000 5 2000 290 3 0 1703 4 
114000 6 2000 147 1 0 1849 3 
115200 0 2000 1113 17 0 822 48 
115200 1 2000 130 0 0 1869 1 
115200 2 2000 68 0 0 1932 0 
115200 3 2000 197 0 0 1798 5 
115200 4 2000 63 0 0 1937 0 
115200 5 2000 285 5 0 1706 4 
115200 6 2000 156 0 0 1843 1 
116400 0 2000 1104 21 0 793 82 
116400 1 2000 129 0 0 1871 0 
116400 2 2000 65 0 0 1935 0 
116400 3 2000 208 0 0 1785 7 
116400 4 2000 71 0 0 1927 2 
116400 5 2000 299 3 0 1691 7 
116400 6 2000 149 0 0 1848 3 
117600 0 2000 1117 20 0 799 64 
117600 1 2000 118 0 0 1879 3 
117600 2 2000 62 0 0 1936 2 
117600 3 2000 203 0 0 1796 1 
117600 4 2000 68 0 0 1932 0 
117600 5 2000 295 3 0 1700 2 
117600 6 2000 159 0 0 1840 1 
118800 0 2000 1119 26 0 794 61 
118800 1 2000 120 1 0 1876 3 
118800 2 2000 56 0 0 1943 1 
118800 3 2000 205 2 0 1787 6 
118800 4 2000 66 0 0 1934 0 
118800 5 2000 283 1 0 1706 10 
118800 6 2000 153 0 0 1845 2 
