0 0 0 0 0 0 0 0 
0 1 0 0 0 0 0 0 
0 2 0 0 0 0 0 0 
0 3 0 0 0 0 0 0 
0 4 0 0 0 0 0 0 
0 5 0 0 0 0 0 0 
0 6 0 0 0 0 0 0 
1200 0 2000 1222 104 0 672 0 
1200 1 2000 244 2 0 1753 0 
1200 2 2000 123 1 0 1876 0 
1200 3 2000 351 7 0 1641 0 
1200 4 2000 134 1 0 1864 0 
1200 5 2000 506 17 0 1476 0 
1200 6 2000 280 5 0 1714 0 
2400 0 2000 1235 76 0 688 0 
2400 1 2000 246 5 0 1749 0 
2400 2 2000 129 0 0 1871 0 
2400 3 2000 347 8 0 1644 0 
2400 4 2000 136 2 0 1861 0 
2400 5 2000 488 16 0 1495 0 
2400 6 2000 258 3 0 1739 0 
3600 0 2000 1244 69 0 686 0 
3600 1 2000 244 2 0 1753 0 
3600 2 2000 137 0 0 1863 0 
3600 3 2000 366 5 0 1629 0 
3600 4 2000 149 3 0 1848 0 
3600 5 2000 506 15 0 1478 0 
3600 6 2000 268 4 0 1727 0 
4800 0 2000 1212 86 0 701 0 
4800 1 2000 232 3 0 1765 0 
4800 2 2000 107 0 0 1893 0 
4800 3 2000 349 10 0 1640 0 
4800 4 2000 139 2 0 1858 0 
4800 5 2000 508 12 0 1479 0 
4800 6 2000 284 3 0 1713 0 
6000 0 2000 1219 77 0 704 0 
6000 1 2000 244 1 0 1755 0 
6000 2 2000 124 1 0 1875 0 
6000 3 2000 347 7 0 1646 0 
6000 4 2000 135 2 0 1863 0 
6000 5 2000 513 10 0 1477 0 
6000 6 2000 267 3 0 1730 0 
7200 0 2000 1223 88 0 687 0 
7200 1 2000 230 3 0 1767 0 
7200 2 2000 118 1 0 1881 0 
7200 3 2000 356 5 0 1639 0 
7200 4 2000 140 4 0 1856 0 
7200 5 2000 495 17 0 1488 0 
7200 6 2000 263 2 0 1734 0 
8400 0 2000 1208 99 0 690 0 
8400 1 2000 259 5 0 1735 0 
8400 2 2000 127 0 0 1873 0 
8400 3 2000 357 5 0 1637 0 
8400 4 2000 128 0 0 1870 0 
8400 5 2000 518 24 0 1457 0 
8400 6 2000 257 7 0 1735 0 
9600 0 2000 1227 78 0 695 0 
9600 1 2000 239 4 0 1757 0 
9600 2 2000 119 0 0 1881 0 
9600 3 2000 351 7 0 1642 0 
9600 4 2000 133 0 0 1867 0 
9600 5 2000 492 13 0 1495 0 
9600 6 2000 256 3 0 1741 0 
10800 0 2000 1227 100 0 673 0 
10800 1 2000 247 7 0 1746 0 
10800 2 2000 125 1 0 1874 0 
10800 3 2000 356 8 0 1636 0 
10800 4 2000 131 0 0 1869 0 
10800 5 2000 491 14 0 1495 0 
10800 6 2000 268 6 0 1726 0 
12000 0 2000 1223 94 0 681 0 
12000 1 2000 230 6 0 1763 0 
12000 2 2000 116 0 0 1884 0 
12000 3 2000 343 5 0 1652 0 
12000 4 2000 125 3 0 1871 0 
12000 5 2000 481 19 0 1500 0 
12000 6 2000 253 5 0 1741 0 
13200 0 2000 1216 84 0 700 0 
13200 1 2000 251 4 0 1745 0 
13200 2 2000 127 1 0 1872 0 
13200 3 2000 353 6 0 1641 0 
13200 4 2000 130 2 0 1868 0 
13200 5 2000 518 18 0 1464 0 
13200 6 2000 261 3 0 1736 0 
14400 0 2000 1205 86 0 708 0 
14400 1 2000 240 4 0 1755 0 
14400 2 2000 138 0 0 1862 0 
14400 3 2000 364 5 0 1631 0 
14400 4 2000 131 1 0 1868 0 
14400 5 2000 497 10 0 1493 0 
14400 6 2000 270 5 0 1724 0 
15600 0 2000 1237 88 0 674 0 
15600 1 2000 238 7 0 1754 0 
15600 2 2000 117 1 0 1882 0 
15600 3 2000 359 3 0 1638 0 
15600 4 2000 137 1 0 1862 0 
15600 5 2000 504 16 0 1479 0 
15600 6 2000 259 5 0 1735 0 
16800 0 2000 1230 103 0 667 0 
16800 1 2000 246 5 0 1749 0 
16800 2 2000 116 1 0 1883 0 
16800 3 2000 363 14 0 1623 0 
16800 4 2000 136 3 0 1861 0 
16800 5 2000 513 16 0 1471 0 
16800 6 2000 272 4 0 1724 0 
18000 0 2000 1162 86 0 698 54 
18000 1 2000 240 6 0 1752 2 
18000 2 2000 118 2 0 1877 3 
18000 3 2000 353 8 0 1636 3 
18000 4 2000 131 2 0 1865 2 
18000 5 2000 497 18 0 1468 17 
18000 6 2000 265 3 0 1730 2 
19200 0 2000 1173 105 0 677 43 
19200 1 2000 235 5 0 1756 3 
19200 2 2000 130 1 0 1867 2 
19200 3 2000 356 8 0 1627 8 
19200 4 2000 129 3 0 1865 2 
19200 5 2000 496 15 0 1479 8 
19200 6 2000 275 2 0 1719 3 
20400 0 2000 1163 87 0 679 71 
20400 1 2000 249 3 0 1735 13 
20400 2 2000 131 2 0 1864 3 
20400 3 2000 326 10 0 1647 17 
20400 4 2000 131 3 0 1857 9 
20400 5 2000 507 5 0 1474 14 
20400 6 2000 273 6 0 1711 10 
21600 0 2000 1183 100 0 664 53 
21600 1 2000 244 6 0 1739 11 
21600 2 2000 127 1 0 1870 2 
21600 3 2000 355 8 0 1628 9 
21600 4 2000 125 1 0 1870 4 
21600 5 2000 494 22 0 1471 13 
21600 6 2000 269 4 0 1713 14 
22800 0 2000 1150 102 0 695 52 
22800 1 2000 249 4 0 1745 1 
22800 2 2000 114 1 0 1883 2 
22800 3 2000 367 11 0 1619 3 
22800 4 2000 133 0 0 1867 0 
22800 5 2000 503 12 0 1478 7 
22800 6 2000 265 5 0 1715 14 
24000 0 2000 1167 96 0 680 56 
24000 1 2000 251 5 0 1737 6 
24000 2 2000 131 0 0 1865 4 
24000 3 2000 368 8 0 1613 11 
24000 4 2000 147 0 0 1853 0 
24000 5 2000 503 14 0 1455 28 
24000 6 2000 267 6 0 1716 10 
25200 0 2000 1182 76 0 680 59 
25200 1 2000 247 2 0 1744 6 
25200 2 2000 130 0 0 1863 7 
25200 3 2000 350 1 0 1625 23 
25200 4 2000 139 2 0 1856 1 
25200 5 2000 499 10 0 1478 11 
25200 6 2000 259 6 0 1729 5 
26400 0 2000 1179 92 0 668 59 
26400 1 2000 254 0 0 1745 0 
26400 2 2000 133 1 0 1866 0 
26400 3 2000 367 9 0 1619 5 
26400 4 2000 128 0 0 1864 8 
26400 5 2000 509 22 0 1455 13 
26400 6 2000 283 6 0 1710 0 
27600 0 2000 1187 90 0 659 64 
27600 1 2000 243 5 0 1750 2 
27600 2 2000 126 0 0 1869 5 
27600 3 2000 350 7 0 1635 8 
27600 4 2000 136 2 0 1851 11 
27600 5 2000 516 21 0 1445 18 
27600 6 2000 266 2 0 1726 6 
28800 0 2000 1174 92 0 672 61 
28800 1 2000 236 3 0 1758 2 
28800 2 2000 112 1 0 1886 1 
28800 3 2000 345 12 0 1627 16 
28800 4 2000 137 1 0 1856 6 
28800 5 2000 486 15 0 1474 25 
28800 6 2000 268 3 0 1725 3 
30000 0 2000 1155 85 0 648 111 
30000 1 2000 236 6 0 1744 13 
30000 2 2000 126 0 0 1871 3 
30000 3 2000 358 6 0 1630 6 
30000 4 2000 144 1 0 1851 4 
30000 5 2000 495 21 0 1470 14 
30000 6 2000 266 6 0 1723 4 
31200 0 2000 1160 100 0 679 60 
31200 1 2000 235 5 0 1756 3 
31200 2 2000 127 0 0 1871 2 
31200 3 2000 355 6 0 1634 5 
31200 4 2000 132 2 0 1858 8 
31200 5 2000 495 16 0 1460 29 
31200 6 2000 280 4 0 1709 6 
32400 0 2000 1180 80 0 689 49 
32400 1 2000 255 3 0 1737 4 
32400 2 2000 127 0 0 1870 3 
32400 3 2000 375 7 0 1612 5 
32400 4 2000 133 1 0 1864 1 
32400 5 2000 498 8 0 1483 10 
32400 6 2000 267 3 0 1718 11 
33600 0 2000 1192 91 0 645 71 
33600 1 2000 251 4 0 1736 9 
33600 2 2000 126 2 0 1870 2 
33600 3 2000 351 10 0 1630 8 
33600 4 2000 132 1 0 1865 1 
33600 5 2000 501 18 0 1471 9 
33600 6 2000 273 2 0 1713 12 
34800 0 2000 1196 76 0 681 45 
34800 1 2000 237 2 0 1757 4 
34800 2 2000 132 2 0 1865 1 
34800 3 2000 359 10 0 1622 8 
34800 4 2000 137 3 0 1856 3 
34800 5 2000 477 18 0 1488 16 
34800 6 2000 274 3 0 1718 5 
36000 0 2000 1188 86 0 657 68 
36000 1 2000 217 4 0 1775 3 
36000 2 2000 121 3 0 1874 2 
36000 3 2000 330 9 0 1653 8 
36000 4 2000 136 0 0 1863 1 
36000 5 2000 478 25 0 1482 14 
36000 6 2000 265 6 0 1719 9 
37200 0 2000 1165 100 0 661 74 
37200 1 2000 245 2 0 1753 0 
37200 2 2000 116 2 0 1875 7 
37200 3 2000 363 3 0 1619 15 
37200 4 2000 141 3 0 1853 3 
37200 5 2000 492 18 0 1470 20 
37200 6 2000 267 5 0 1727 1 
38400 0 2000 1182 91 0 670 56 
38400 1 2000 253 2 0 1743 2 
38400 2 2000 125 3 0 1867 5 
38400 3 2000 347 6 0 1629 18 
38400 4 2000 136 4 0 1859 1 
38400 5 2000 488 23 0 1463 26 
38400 6 2000 276 5 0 1704 15 
39600 0 2000 1188 104 0 655 53 
39600 1 2000 239 6 0 1751 3 
39600 2 2000 130 0 0 1870 0 
39600 3 2000 363 9 0 1620 8 
39600 4 2000 134 1 0 1861 3 
39600 5 2000 495 17 0 1482 5 
39600 6 2000 282 3 0 1702 12 
40800 0 2000 1189 87 0 669 54 
40800 1 2000 236 3 0 1754 6 
40800 2 2000 122 1 0 1873 4 
40800 3 2000 358 9 0 1626 7 
40800 4 2000 135 2 0 1857 6 
40800 5 2000 488 18 0 1470 23 
40800 6 2000 273 6 0 1716 4 
42000 0 2000 1223 89 0 635 52 
42000 1 2000 240 9 0 1748 3 
42000 2 2000 116 2 0 1878 4 
42000 3 2000 356 6 0 1627 10 
42000 4 2000 141 2 0 1855 1 
42000 5 2000 499 17 0 1456 27 
42000 6 2000 272 7 0 1715 6 
43200 0 2000 1195 84 0 641 79 
43200 1 2000 246 6 0 1740 7 
43200 2 2000 129 2 0 1865 4 
43200 3 2000 359 6 0 1613 22 
43200 4 2000 132 3 0 1863 2 
43200 5 2000 521 17 0 1453 9 
43200 6 2000 274 4 0 1716 5 
44400 0 2000 1211 100 0 626 62 
44400 1 2000 251 3 0 1733 12 
44400 2 2000 134 0 0 1864 2 
44400 3 2000 372 12 0 1604 12 
44400 4 2000 135 1 0 1859 5 
44400 5 2000 502 13 0 1470 15 
44400 6 2000 276 3 0 1712 8 
45600 0 2000 1176 101 0 661 61 
45600 1 2000 238 6 0 1750 5 
45600 2 2000 124 2 0 1873 1 
45600 3 2000 364 3 0 1621 12 
45600 4 2000 142 0 0 1858 0 
45600 5 2000 505 12 0 1466 16 
45600 6 2000 271 4 0 1718 6 
46800 0 2000 1190 93 0 653 63 
46800 1 2000 243 8 0 1746 2 
46800 2 2000 135 2 0 1863 0 
46800 3 2000 370 13 0 1601 16 
46800 4 2000 135 2 0 1862 1 
46800 5 2000 496 22 0 1467 15 
46800 6 2000 270 5 0 1720 4 
48000 0 2000 1173 84 0 677 64 
48000 1 2000 226 5 0 1763 6 
48000 2 2000 117 1 0 1880 2 
48000 3 2000 341 7 0 1639 13 
48000 4 2000 142 2 0 1853 2 
48000 5 2000 490 17 0 1476 17 
48000 6 2000 268 6 0 1724 1 
49200 0 2000 1213 85 0 654 48 
49200 1 2000 255 8 0 1730 7 
49200 2 2000 137 1 0 1853 9 
49200 3 2000 349 12 0 1632 7 
49200 4 2000 138 1 0 1860 1 
49200 5 2000 510 22 0 1457 11 
49200 6 2000 269 6 0 1713 12 
50400 0 2000 1212 81 0 650 54 
50400 1 2000 244 2 0 1747 6 
50400 2 2000 125 0 0 1874 1 
50400 3 2000 363 6 0 1613 17 
50400 4 2000 130 1 0 1862 6 
50400 5 2000 524 19 0 1437 18 
50400 6 2000 260 6 0 1725 8 
51600 0 2000 1207 92 0 639 60 
51600 1 2000 234 8 0 1756 1 
51600 2 2000 131 1 0 1866 2 
51600 3 2000 367 7 0 1619 7 
51600 4 2000 142 1 0 1853 4 
51600 5 2000 509 20 0 1450 21 
51600 6 2000 256 5 0 1732 6 
52800 0 2000 1218 93 0 642 47 
52800 1 2000 236 6 0 1750 8 
52800 2 2000 135 0 0 1864 1 
52800 3 2000 354 7 0 1625 14 
52800 4 2000 145 1 0 1854 0 
52800 5 2000 504 12 0 1464 20 
52800 6 2000 275 3 0 1714 8 
54000 0 2000 1206 84 0 644 66 
54000 1 2000 240 2 0 1745 13 
54000 2 2000 130 0 0 1870 0 
54000 3 2000 380 5 0 1603 12 
54000 4 2000 134 0 0 1865 1 
54000 5 2000 504 18 0 1462 16 
54000 6 2000 272 6 0 1707 15 
55200 0 2000 1152 98 0 650 100 
55200 1 2000 244 4 0 1747 4 
55200 2 2000 126 0 0 1871 3 
55200 3 2000 373 8 0 1613 6 
55200 4 2000 146 2 0 1848 3 
55200 5 2000 506 18 0 1467 8 
55200 6 2000 263 7 0 1717 12 
56400 0 2000 1217 106 0 633 42 
56400 1 2000 239 6 0 1745 9 
56400 2 2000 130 1 0 1869 0 
56400 3 2000 355 13 0 1624 8 
56400 4 2000 136 1 0 1853 9 
56400 5 2000 501 19 0 1468 11 
56400 6 2000 281 3 0 1712 3 
57600 0 2000 1226 93 0 625 56 
57600 1 2000 241 2 0 1749 8 
57600 2 2000 121 0 0 1877 2 
57600 3 2000 350 11 0 1625 14 
57600 4 2000 141 0 0 1852 7 
57600 5 2000 492 15 0 1480 13 
57600 6 2000 277 5 0 1714 4 
58800 0 2000 1246 93 0 613 47 
58800 1 2000 248 4 0 1743 5 
58800 2 2000 124 0 0 1876 0 
58800 3 2000 364 5 0 1608 22 
58800 4 2000 121 0 0 1878 0 
58800 5 2000 484 11 0 1479 25 
58800 6 2000 262 3 0 1727 8 
60000 0 2000 1216 89 0 647 47 
60000 1 2000 260 3 0 1734 3 
60000 2 2000 128 2 0 1869 1 
60000 3 2000 363 10 0 1613 14 
60000 4 2000 141 2 0 1855 2 
60000 5 2000 506 14 0 1459 21 
60000 6 2000 280 5 0 1709 6 
61200 0 2000 1218 85 0 623 73 
61200 1 2000 251 3 0 1744 2 
61200 2 2000 131 0 0 1861 8 
61200 3 2000 365 8 0 1620 6 
61200 4 2000 135 2 0 1862 0 
61200 5 2000 507 16 0 1465 11 
61200 6 2000 287 3 0 1688 22 
62400 0 2000 1215 112 0 601 70 
62400 1 2000 245 8 0 1742 4 
62400 2 2000 122 0 0 1875 3 
62400 3 2000 376 11 0 1607 6 
62400 4 2000 140 0 0 1855 4 
62400 5 2000 514 15 0 1453 18 
62400 6 2000 282 4 0 1704 9 
63600 0 2000 1207 115 0 631 47 
63600 1 2000 246 4 0 1742 8 
63600 2 2000 148 1 0 1849 2 
63600 3 2000 392 4 0 1595 9 
63600 4 2000 147 0 0 1852 0 
63600 5 2000 513 21 0 1445 21 
63600 6 2000 291 7 0 1699 3 
64800 0 2000 1226 86 0 606 81 
64800 1 2000 241 9 0 1738 12 
64800 2 2000 136 1 0 1855 8 
64800 3 2000 356 7 0 1627 9 
64800 4 2000 143 0 0 1854 2 
64800 5 2000 506 16 0 1467 10 
64800 6 2000 268 3 0 1711 18 
66000 0 2000 1197 111 0 612 79 
66000 1 2000 239 4 0 1750 6 
66000 2 2000 136 0 0 1859 5 
66000 3 2000 362 7 0 1622 9 
66000 4 2000 137 1 0 1862 0 
66000 5 2000 492 14 0 1466 28 
66000 6 2000 273 6 0 1702 18 
67200 0 2000 1181 101 0 640 77 
67200 1 2000 240 3 0 1752 4 
67200 2 2000 130 2 0 1862 6 
67200 3 2000 368 8 0 1614 10 
67200 4 2000 147 0 0 1852 1 
67200 5 2000 517 11 0 1448 23 
67200 6 2000 259 4 0 1731 5 
68400 0 2000 1210 88 0 630 71 
68400 1 2000 244 7 0 1745 3 
68400 2 2000 129 4 0 1864 3 
68400 3 2000 366 11 0 1614 9 
68400 4 2000 123 1 0 1870 6 
68400 5 2000 497 12 0 1481 10 
68400 6 2000 263 5 0 1723 8 
69600 0 2000 1217 100 0 616 65 
69600 1 2000 242 4 0 1750 3 
69600 2 2000 129 1 0 1860 10 
69600 3 2000 349 6 0 1630 14 
69600 4 2000 140 3 0 1846 10 
69600 5 2000 508 18 0 1453 20 
69600 6 2000 257 4 0 1726 12 
70800 0 2000 1204 102 0 611 82 
70800 1 2000 247 3 0 1737 12 
70800 2 2000 130 0 0 1864 6 
70800 3 2000 367 11 0 1609 13 
70800 4 2000 153 2 0 1838 7 
70800 5 2000 514 16 0 1459 10 
70800 6 2000 285 2 0 1705 7 
72000 0 2000 1230 93 0 614 62 
72000 1 2000 265 5 0 1725 4 
72000 2 2000 123 3 0 1869 5 
72000 3 2000 353 12 0 1625 10 
72000 4 2000 140 2 0 1851 7 
72000 5 2000 494 17 0 1462 26 
72000 6 2000 265 4 0 1725 5 
73200 0 2000 1190 98 0 669 42 
73200 1 2000 263 7 0 1716 14 
73200 2 2000 124 2 0 1874 0 
73200 3 2000 367 5 0 1609 18 
73200 4 2000 141 1 0 1855 2 
73200 5 2000 515 10 0 1453 21 
73200 6 2000 267 4 0 1720 9 
74400 0 2000 1221 100 0 633 44 
74400 1 2000 266 5 0 1726 2 
74400 2 2000 128 1 0 1867 4 
74400 3 2000 367 4 0 1619 10 
74400 4 2000 138 2 0 1857 2 
74400 5 2000 504 18 0 1460 17 
74400 6 2000 283 6 0 1703 7 
75600 0 2000 1225 82 0 610 81 
75600 1 2000 251 3 0 1743 2 
75600 2 2000 128 0 0 1868 4 
75600 3 2000 364 7 0 1614 14 
75600 4 2000 137 0 0 1857 5 
75600 5 2000 498 12 0 1464 26 
75600 6 2000 285 5 0 1698 11 
76800 0 2000 1205 123 0 609 63 
76800 1 2000 249 6 0 1734 11 
76800 2 2000 130 3 0 1861 6 
76800 3 2000 365 12 0 1610 13 
76800 4 2000 136 4 0 1857 3 
76800 5 2000 510 26 0 1445 19 
76800 6 2000 285 5 0 1707 3 
78000 0 2000 1222 101 0 619 58 
78000 1 2000 257 8 0 1727 8 
78000 2 2000 137 1 0 1860 2 
78000 3 2000 348 15 0 1624 13 
78000 4 2000 148 0 0 1852 0 
78000 5 2000 513 16 0 1455 16 
78000 6 2000 282 6 0 1702 10 
79200 0 2000 1231 84 0 610 74 
79200 1 2000 255 3 0 1734 7 
79200 2 2000 131 1 0 1863 5 
79200 3 2000 354 8 0 1622 16 
79200 4 2000 136 0 0 1857 7 
79200 5 2000 499 13 0 1471 17 
79200 6 2000 269 5 0 1716 9 
80400 0 2000 1248 96 0 595 61 
80400 1 2000 234 3 0 1760 2 
80400 2 2000 128 1 0 1867 4 
80400 3 2000 364 9 0 1613 14 
80400 4 2000 136 2 0 1860 0 
80400 5 2000 513 19 0 1454 13 
80400 6 2000 273 6 0 1718 2 
81600 0 2000 1216 106 0 614 62 
81600 1 2000 253 5 0 1728 14 
81600 2 2000 138 3 0 1858 1 
81600 3 2000 377 5 0 1609 8 
81600 4 2000 124 0 0 1873 1 
81600 5 2000 512 12 0 1464 11 
81600 6 2000 271 4 0 1719 6 
82800 0 2000 1199 105 0 599 95 
82800 1 2000 234 7 0 1747 11 
82800 2 2000 132 0 0 1868 0 
82800 3 2000 351 6 0 1625 18 
82800 4 2000 142 1 0 1855 1 
82800 5 2000 505 24 0 1461 9 
82800 6 2000 275 5 0 1705 14 
84000 0 2000 1220 95 0 620 63 
84000 1 2000 251 4 0 1736 9 
84000 2 2000 116 4 0 1871 9 
84000 3 2000 371 10 0 1608 10 
84000 4 2000 127 0 0 1866 6 
84000 5 2000 505 14 0 1461 19 
84000 6 2000 284 5 0 1704 6 
85200 0 2000 1227 97 0 605 71 
85200 1 2000 248 4 0 1743 5 
85200 2 2000 139 1 0 1860 0 
85200 3 2000 361 8 0 1614 17 
85200 4 2000 143 1 0 1849 7 
85200 5 2000 508 12 0 1464 16 
85200 6 2000 280 4 0 1702 14 
86400 0 2000 1212 96 0 600 90 
86400 1 2000 251 4 0 1731 13 
86400 2 2000 128 0 0 1871 1 
86400 3 2000 375 10 0 1599 16 
86400 4 2000 149 1 0 1845 5 
86400 5 2000 506 17 0 1462 15 
86400 6 2000 276 4 0 1710 9 
87600 0 2000 1225 100 0 632 42 
87600 1 2000 241 11 0 1737 11 
87600 2 2000 138 1 0 1856 5 
87600 3 2000 345 7 0 1643 4 
87600 4 2000 138 1 0 1858 2 
87600 5 2000 497 15 0 1481 6 
87600 6 2000 281 4 0 1709 6 
88800 0 2000 1228 97 0 601 73 
88800 1 2000 268 2 0 1727 2 
88800 2 2000 127 2 0 1871 0 
88800 3 2000 383 6 0 1598 13 
88800 4 2000 136 2 0 1860 2 
88800 5 2000 530 16 0 1444 9 
88800 6 2000 283 5 0 1693 18 
90000 0 2000 1222 110 0 593 73 
90000 1 2000 261 3 0 1732 3 
90000 2 2000 126 0 0 1873 1 
90000 3 2000 350 10 0 1628 12 
90000 4 2000 136 0 0 1857 6 
90000 5 2000 524 22 0 1432 21 
90000 6 2000 279 7 0 1699 14 
91200 0 2000 1229 99 0 594 76 
91200 1 2000 233 4 0 1753 9 
91200 2 2000 135 0 0 1857 8 
91200 3 2000 365 10 0 1615 10 
91200 4 2000 139 2 0 1854 4 
91200 5 2000 505 20 0 1465 10 
91200 6 2000 260 3 0 1735 1 
92400 0 2000 1249 93 0 614 42 
92400 1 2000 245 4 0 1740 10 
92400 2 2000 132 0 0 1864 4 
92400 3 2000 372 12 0 1605 10 
92400 4 2000 143 2 0 1848 6 
92400 5 2000 486 11 0 1481 20 
92400 6 2000 278 6 0 1710 5 
93600 0 2000 1246 90 0 610 52 
93600 1 2000 242 6 0 1745 6 
93600 2 2000 125 3 0 1868 4 
93600 3 2000 376 10 0 1600 13 
93600 4 2000 140 1 0 1854 4 
93600 5 2000 511 15 0 1459 14 
93600 6 2000 255 4 0 1736 4 
94800 0 2000 1228 99 0 617 54 
94800 1 2000 263 7 0 1728 2 
94800 2 2000 132 1 0 1863 4 
94800 3 2000 369 11 0 1603 16 
94800 4 2000 136 2 0 1860 0 
94800 5 2000 529 13 0 1435 22 
94800 6 2000 289 5 0 1697 9 
96000 0 2000 1223 112 0 601 64 
96000 1 2000 251 5 0 1739 4 
96000 2 2000 140 2 0 1854 4 
96000 3 2000 363 15 0 1610 11 
96000 4 2000 139 2 0 1851 7 
96000 5 2000 513 16 0 1456 13 
96000 6 2000 276 7 0 1700 16 
97200 0 2000 1233 105 0 616 45 
97200 1 2000 250 5 0 1740 5 
97200 2 2000 135 0 0 1862 3 
97200 3 2000 366 9 0 1610 15 
97200 4 2000 150 1 0 1849 0 
97200 5 2000 524 14 0 1446 16 
97200 6 2000 284 4 0 1706 6 
98400 0 2000 1201 100 0 605 93 
98400 1 2000 255 6 0 1732 7 
98400 2 2000 135 2 0 1857 6 
98400 3 2000 365 9 0 1607 18 
98400 4 2000 143 1 0 1852 3 
98400 5 2000 505 15 0 1462 17 
98400 6 2000 274 5 0 1716 5 
99600 0 2000 1251 97 0 579 72 
99600 1 2000 261 7 0 1726 6 
99600 2 2000 131 1 0 1866 2 
99600 3 2000 366 9 0 1617 7 
99600 4 2000 136 2 0 1850 11 
99600 5 2000 514 19 0 1456 11 
99600 6 2000 269 8 0 1718 5 
100800 0 2000 1226 108 0 600 66 
100800 1 2000 247 4 0 1743 6 
100800 2 2000 143 1 0 1852 4 
100800 3 2000 370 11 0 1613 6 
100800 4 2000 140 1 0 1857 2 
100800 5 2000 536 13 0 1438 13 
100800 6 2000 266 4 0 1720 10 
102000 0 2000 1257 94 0 589 58 
102000 1 2000 252 4 0 1737 6 
102000 2 2000 136 1 0 1863 0 
102000 3 2000 361 9 0 1620 9 
102000 4 2000 143 2 0 1853 1 
102000 5 2000 517 12 0 1459 10 
102000 6 2000 275 6 0 1711 7 
103200 0 2000 1239 95 0 590 75 
103200 1 2000 264 3 0 1726 6 
103200 2 2000 141 1 0 1853 5 
103200 3 2000 376 6 0 1606 12 
103200 4 2000 145 2 0 1851 2 
103200 5 2000 499 21 0 1448 31 
103200 6 2000 279 8 0 1704 8 
104400 0 2000 1243 85 0 604 67 
104400 1 2000 260 6 0 1727 7 
104400 2 2000 138 1 0 1857 4 
104400 3 2000 373 4 0 1612 10 
104400 4 2000 142 1 0 1851 5 
104400 5 2000 514 12 0 1452 21 
104400 6 2000 300 6 0 1690 4 
105600 0 2000 1207 116 0 609 67 
105600 1 2000 258 7 0 1731 4 
105600 2 2000 134 4 0 1860 2 
105600 3 2000 388 5 0 1594 13 
105600 4 2000 142 0 0 1849 9 
105600 5 2000 530 15 0 1433 22 
105600 6 2000 275 8 0 1710 7 
106800 0 2000 1252 92 0 605 50 
106800 1 2000 262 1 0 1731 6 
106800 2 2000 136 1 0 1861 2 
106800 3 2000 351 12 0 1624 12 
106800 4 2000 146 3 0 1847 3 
106800 5 2000 518 19 0 1446 16 
106800 6 2000 292 8 0 1695 5 
108000 0 2000 1209 111 0 611 69 
108000 1 2000 258 9 0 1731 2 
108000 2 2000 136 0 0 1860 4 
108000 3 2000 379 10 0 1599 12 
108000 4 2000 156 0 0 1844 0 
108000 5 2000 531 17 0 1439 13 
108000 6 2000 285 3 0 1704 8 
109200 0 2000 1236 102 0 600 62 
109200 1 2000 246 2 0 1747 5 
109200 2 2000 143 2 0 1852 3 
109200 3 2000 365 12 0 1612 11 
109200 4 2000 141 0 0 1855 4 
109200 5 2000 537 28 0 1422 13 
109200 6 2000 292 6 0 1691 11 
110400 0 2000 1245 86 1 606 62 
110400 1 2000 244 5 0 1739 12 
110400 2 2000 143 2 0 1845 10 
110400 3 2000 375 8 0 1604 13 
110400 4 2000 150 2 0 1843 5 
110400 5 2000 496 12 0 1475 17 
110400 6 2000 269 6 0 1720 5 
111600 0 2000 1239 92 0 592 76 
111600 1 2000 253 4 0 1737 6 
111600 2 2000 126 2 0 1870 2 
111600 3 2000 357 12 0 1614 16 
111600 4 2000 153 0 0 1843 3 
111600 5 2000 502 17 0 1460 20 
111600 6 2000 275 5 0 1715 5 
112800 0 2000 1230 119 0 580 70 
112800 1 2000 246 5 0 1744 5 
112800 2 2000 129 1 0 1867 3 
112800 3 2000 384 4 0 1601 11 
112800 4 2000 148 1 0 1837 13 
112800 5 2000 530 19 0 1433 18 
112800 6 2000 276 6 0 1713 5 
114000 0 2000 1243 107 0 595 55 
114000 1 2000 262 3 0 1728 7 
114000 2 2000 131 0 0 1866 3 
114000 3 2000 365 4 0 1626 5 
114000 4 2000 138 1 0 1856 5 
114000 5 2000 525 20 0 1442 13 
114000 6 2000 285 6 0 1692 17 
115200 0 2000 1217 116 0 593 72 
115200 1 2000 249 6 0 1737 7 
115200 2 2000 138 1 0 1861 0 
115200 3 2000 381 7 0 1606 5 
115200 4 2000 144 1 0 1848 6 
115200 5 2000 504 16 0 1457 21 
115200 6 2000 277 8 0 1708 6 
116400 0 2000 1239 111 0 583 66 
116400 1 2000 247 7 0 1738 8 
116400 2 2000 127 1 0 1872 0 
116400 3 2000 349 13 0 1626 12 
116400 4 2000 139 2 0 1859 0 
116400 5 2000 506 13 0 1459 22 
116400 6 2000 287 7 0 1699 7 
117600 0 2000 1241 103 0 584 72 
117600 1 2000 272 4 0 1710 14 
117600 2 2000 128 0 0 1870 2 
117600 3 2000 346 12 0 1628 14 
117600 4 2000 147 1 0 1846 5 
117600 5 2000 513 14 0 1455 18 
117600 6 2000 271 3 0 1715 11 
118800 0 2000 1239 89 0 590 80 
118800 1 2000 253 4 0 1738 4 
118800 2 2000 139 0 0 1859 2 
118800 3 2000 366 11 0 1616 7 
118800 4 2000 136 0 0 1863 0 
118800 5 2000 539 13 0 1429 19 
118800 6 2000 272 10 0 1715 2 
