0 0 0 0 0 0 0 0 
0 1 0 0 0 0 0 0 
0 2 0 0 0 0 0 0 
0 3 0 0 0 0 0 0 
0 4 0 0 0 0 0 0 
0 5 0 0 0 0 0 0 
0 6 0 0 0 0 0 0 
1200 0 2000 1251 85 0 663 0 
1200 1 2000 52 0 0 1948 0 
1200 2 2000 282 12 0 1705 0 
1200 3 2000 277 3 0 1719 0 
1200 4 2000 128 0 0 1872 0 
1200 5 2000 299 2 0 1699 0 
1200 6 2000 661 25 0 1314 0 
2400 0 2000 1235 89 0 675 0 
2400 1 2000 75 0 0 1925 0 
2400 2 2000 293 5 0 1702 0 
2400 3 2000 276 4 0 1719 0 
2400 4 2000 135 0 0 1865 0 
2400 5 2000 318 5 0 1677 0 
2400 6 2000 679 30 0 1291 0 
3600 0 2000 1230 79 0 689 0 
3600 1 2000 63 1 0 1936 0 
3600 2 2000 306 6 0 1688 0 
3600 3 2000 271 2 0 1726 0 
3600 4 2000 125 0 0 1875 0 
3600 5 2000 304 7 0 1688 0 
3600 6 2000 693 23 0 1283 0 
4800 0 2000 1231 102 0 666 0 
4800 1 2000 59 0 0 1941 0 
4800 2 2000 304 4 0 1692 0 
4800 3 2000 276 4 0 1720 0 
4800 4 2000 150 0 0 1850 0 
4800 5 2000 313 6 0 1680 0 
4800 6 2000 688 23 0 1288 0 
6000 0 2000 1229 104 0 666 0 
6000 1 2000 59 0 0 1941 0 
6000 2 2000 308 4 0 1688 0 
6000 3 2000 284 8 0 1707 0 
6000 4 2000 133 1 0 1866 0 
6000 5 2000 317 9 0 1674 0 
6000 6 2000 704 24 0 1272 0 
7200 0 2000 1236 83 0 679 0 
7200 1 2000 64 0 0 1936 0 
7200 2 2000 291 6 0 1703 0 
7200 3 2000 287 4 0 1708 0 
7200 4 2000 132 0 0 1868 0 
7200 5 2000 312 3 0 1684 0 
7200 6 2000 674 23 0 1301 0 
8400 0 2000 1250 100 0 650 0 
8400 1 2000 62 0 0 1938 0 
8400 2 2000 304 2 0 1694 0 
8400 3 2000 271 5 0 1724 0 
8400 4 2000 137 1 0 1862 0 
8400 5 2000 301 4 0 1695 0 
8400 6 2000 691 30 0 1279 0 
9600 0 2000 1246 96 0 657 0 
9600 1 2000 74 1 0 1925 0 
9600 2 2000 292 7 0 1701 0 
9600 3 2000 280 4 0 1715 0 
9600 4 2000 143 0 0 1857 0 
9600 5 2000 303 4 0 1693 0 
9600 6 2000 666 36 0 1298 0 
10800 0 2000 1245 87 0 667 0 
10800 1 2000 65 0 0 1935 0 
10800 2 2000 284 10 0 1705 0 
10800 3 2000 270 3 0 1726 0 
10800 4 2000 129 1 0 1870 0 
10800 5 2000 312 2 0 1686 0 
10800 6 2000 658 21 0 1320 0 
12000 0 2000 1246 90 0 663 0 
12000 1 2000 70 0 0 1930 0 
12000 2 2000 321 4 0 1674 0 
12000 3 2000 283 3 0 1713 0 
12000 4 2000 128 0 0 1872 0 
12000 5 2000 304 3 0 1693 0 
12000 6 2000 683 14 0 1303 0 
13200 0 2000 1234 105 0 660 0 
13200 1 2000 63 0 0 1937 0 
13200 2 2000 307 9 0 1684 0 
13200 3 2000 287 3 0 1709 0 
13200 4 2000 136 2 0 1862 0 
13200 5 2000 312 3 0 1685 0 
13200 6 2000 684 18 0 1298 0 
14400 0 2000 1225 90 0 684 0 
14400 1 2000 68 0 0 1932 0 
14400 2 2000 296 6 0 1698 0 
14400 3 2000 273 7 0 1720 0 
14400 4 2000 142 1 0 1857 0 
14400 5 2000 306 4 0 1689 0 
14400 6 2000 673 19 0 1307 0 
15600 0 2000 1234 100 0 666 0 
15600 1 2000 66 1 0 1933 0 
15600 2 2000 292 10 0 1698 0 
15600 3 2000 283 3 0 1714 0 
15600 4 2000 124 0 0 1876 0 
15600 5 2000 309 3 0 1688 0 
15600 6 2000 702 23 0 1275 0 
16800 0 2000 1246 90 0 663 0 
16800 1 2000 66 1 0 1933 0 
16800 2 2000 316 10 0 1674 0 
16800 3 2000 271 2 0 1726 0 
16800 4 2000 128 1 0 1871 0 
16800 5 2000 325 6 0 1669 0 
16800 6 2000 680 22 0 1298 0 
18000 0 2000 1203 92 0 640 64 
18000 1 2000 69 0 0 1930 1 
18000 2 2000 290 7 0 1696 6 
18000 3 2000 255 1 0 1739 4 
18000 4 2000 140 3 0 1856 1 
18000 5 2000 303 8 0 1678 11 
18000 6 2000 679 22 0 1281 17 
19200 0 2000 1213 94 0 647 44 
19200 1 2000 58 1 0 1939 2 
19200 2 2000 293 5 0 1692 9 
19200 3 2000 270 7 0 1721 1 
19200 4 2000 134 0 0 1865 1 
19200 5 2000 305 3 0 1691 0 
19200 6 2000 659 19 0 1309 12 
20400 0 2000 1200 66 0 635 99 
20400 1 2000 63 0 0 1935 2 
20400 2 2000 290 3 0 1702 5 
20400 3 2000 260 4 0 1731 5 
20400 4 2000 120 1 0 1872 7 
20400 5 2000 291 3 0 1704 2 
20400 6 2000 636 19 0 1316 29 
21600 0 2000 1205 80 0 673 42 
21600 1 2000 61 0 0 1939 0 
21600 2 2000 257 7 0 1731 5 
21600 3 2000 265 3 0 1724 8 
21600 4 2000 129 1 0 1869 1 
21600 5 2000 300 6 0 1692 2 
21600 6 2000 652 28 0 1298 22 
22800 0 2000 1201 73 0 667 57 
22800 1 2000 56 0 0 1943 1 
22800 2 2000 275 4 0 1721 0 
22800 3 2000 259 5 0 1735 0 
22800 4 2000 128 0 0 1868 4 
22800 5 2000 290 1 0 1700 8 
22800 6 2000 647 16 0 1327 9 
24000 0 2000 1199 83 0 668 50 
24000 1 2000 59 0 0 1933 8 
24000 2 2000 275 8 0 1710 7 
24000 3 2000 253 8 0 1734 5 
24000 4 2000 131 0 0 1863 6 
24000 5 2000 297 6 0 1697 0 
24000 6 2000 644 18 0 1320 18 
25200 0 2000 1204 61 0 685 49 
25200 1 2000 55 0 0 1945 0 
25200 2 2000 282 3 0 1708 7 
25200 3 2000 246 5 0 1744 4 
25200 4 2000 117 0 0 1882 1 
25200 5 2000 309 3 0 1686 2 
25200 6 2000 637 18 0 1332 13 
26400 0 2000 1198 78 0 676 47 
26400 1 2000 52 0 0 1948 0 
26400 2 2000 273 3 0 1721 2 
26400 3 2000 251 3 0 1740 5 
26400 4 2000 135 0 0 1864 1 
26400 5 2000 300 3 0 1692 5 
26400 6 2000 626 15 0 1342 17 
27600 0 2000 1156 94 0 681 67 
27600 1 2000 57 0 0 1943 0 
27600 2 2000 274 7 0 1709 9 
27600 3 2000 242 3 0 1747 7 
27600 4 2000 128 2 0 1868 1 
27600 5 2000 285 3 0 1709 2 
27600 6 2000 619 21 0 1342 17 
28800 0 2000 1204 69 0 679 47 
28800 1 2000 54 0 0 1946 0 
28800 2 2000 262 4 0 1730 4 
28800 3 2000 245 2 0 1747 5 
28800 4 2000 108 1 0 1889 2 
28800 5 2000 274 3 0 1721 2 
28800 6 2000 605 17 0 1366 12 
30000 0 2000 1194 69 0 684 52 
30000 1 2000 56 1 0 1943 0 
30000 2 2000 262 1 0 1727 10 
30000 3 2000 243 0 0 1748 9 
30000 4 2000 120 0 0 1876 4 
30000 5 2000 269 1 0 1727 2 
30000 6 2000 602 12 0 1361 24 
31200 0 2000 1210 65 0 685 40 
31200 1 2000 56 0 0 1944 0 
31200 2 2000 249 2 0 1748 1 
31200 3 2000 225 1 0 1772 2 
31200 4 2000 108 1 0 1891 0 
31200 5 2000 272 1 0 1717 10 
31200 6 2000 608 13 0 1359 20 
32400 0 2000 1201 60 0 680 59 
32400 1 2000 52 0 0 1947 1 
32400 2 2000 252 6 0 1738 4 
32400 3 2000 234 3 0 1757 6 
32400 4 2000 112 0 0 1888 0 
32400 5 2000 252 2 0 1739 7 
32400 6 2000 595 15 0 1378 12 
33600 0 2000 1188 67 0 702 43 
33600 1 2000 49 0 0 1949 2 
33600 2 2000 251 3 0 1741 5 
33600 3 2000 232 4 0 1763 1 
33600 4 2000 105 2 0 1892 1 
33600 5 2000 256 3 0 1736 5 
33600 6 2000 588 11 0 1383 18 
34800 0 2000 1186 70 0 695 49 
34800 1 2000 52 1 0 1947 0 
34800 2 2000 234 5 0 1757 4 
34800 3 2000 224 1 0 1768 7 
34800 4 2000 107 1 0 1888 4 
34800 5 2000 259 1 0 1737 3 
34800 6 2000 612 9 0 1373 6 
36000 0 2000 1203 44 0 705 48 
36000 1 2000 44 0 0 1956 0 
36000 2 2000 252 4 0 1738 6 
36000 3 2000 232 1 0 1767 0 
36000 4 2000 104 1 0 1892 3 
36000 5 2000 248 4 0 1743 5 
36000 6 2000 587 10 0 1395 8 
37200 0 2000 1202 48 0 713 36 
37200 1 2000 54 0 0 1944 2 
37200 2 2000 240 2 0 1750 8 
37200 3 2000 219 4 0 1775 2 
37200 4 2000 108 0 0 1890 2 
37200 5 2000 263 1 0 1732 3 
37200 6 2000 553 8 0 1414 24 
38400 0 2000 1198 54 0 708 40 
38400 1 2000 43 0 0 1957 0 
38400 2 2000 230 1 0 1758 11 
38400 3 2000 221 0 0 1774 5 
38400 4 2000 106 1 0 1891 2 
38400 5 2000 252 5 0 1735 8 
38400 6 2000 568 14 0 1410 8 
39600 0 2000 1181 48 0 726 45 
39600 1 2000 48 0 0 1952 0 
39600 2 2000 247 1 0 1746 6 
39600 3 2000 222 0 0 1774 4 
39600 4 2000 107 0 0 1893 0 
39600 5 2000 242 4 0 1750 3 
39600 6 2000 568 8 0 1414 9 
40800 0 2000 1195 61 0 701 43 
40800 1 2000 42 0 0 1958 0 
40800 2 2000 235 1 0 1762 2 
40800 3 2000 230 0 0 1769 1 
40800 4 2000 103 0 0 1894 3 
40800 5 2000 254 0 0 1743 3 
40800 6 2000 576 11 0 1409 4 
42000 0 2000 1193 52 0 711 44 
42000 1 2000 49 0 0 1951 0 
42000 2 2000 211 1 0 1780 8 
42000 3 2000 214 2 0 1775 9 
42000 4 2000 103 0 0 1896 1 
42000 5 2000 236 1 0 1761 2 
42000 6 2000 556 14 0 1410 20 
43200 0 2000 1174 56 0 714 56 
43200 1 2000 44 0 0 1954 2 
43200 2 2000 245 3 0 1743 9 
43200 3 2000 215 2 0 1781 2 
43200 4 2000 97 0 0 1902 1 
43200 5 2000 256 1 0 1725 18 
43200 6 2000 553 12 0 1420 15 
44400 0 2000 1210 53 0 688 48 
44400 1 2000 45 0 0 1955 0 
44400 2 2000 226 6 0 1764 4 
44400 3 2000 210 2 0 1787 1 
44400 4 2000 104 1 0 1894 1 
44400 5 2000 235 1 0 1749 14 
44400 6 2000 550 5 0 1424 20 
45600 0 2000 1199 40 0 720 41 
45600 1 2000 47 0 0 1948 5 
45600 2 2000 233 4 0 1760 3 
45600 3 2000 198 3 0 1798 1 
45600 4 2000 94 1 0 1904 1 
45600 5 2000 243 2 0 1754 1 
45600 6 2000 544 10 0 1434 12 
46800 0 2000 1197 61 0 707 35 
46800 1 2000 52 0 0 1948 0 
46800 2 2000 236 2 0 1758 4 
46800 3 2000 215 1 0 1777 7 
46800 4 2000 98 0 0 1901 1 
46800 5 2000 251 0 0 1743 6 
46800 6 2000 541 5 0 1426 28 
48000 0 2000 1205 46 0 710 38 
48000 1 2000 41 0 0 1957 2 
48000 2 2000 219 2 0 1776 3 
48000 3 2000 198 1 0 1799 2 
48000 4 2000 92 0 0 1908 0 
48000 5 2000 245 2 0 1748 4 
48000 6 2000 550 7 0 1433 9 
49200 0 2000 1206 48 0 706 40 
49200 1 2000 49 0 0 1948 3 
49200 2 2000 223 3 0 1774 0 
49200 3 2000 213 0 0 1785 2 
49200 4 2000 92 0 0 1904 4 
49200 5 2000 226 1 0 1770 3 
49200 6 2000 543 12 0 1427 18 
50400 0 2000 1203 43 0 710 43 
50400 1 2000 38 0 0 1962 0 
50400 2 2000 210 0 0 1784 6 
50400 3 2000 195 1 0 1797 7 
50400 4 2000 85 0 0 1914 1 
50400 5 2000 246 0 0 1748 5 
50400 6 2000 534 15 0 1441 9 
51600 0 2000 1209 34 0 716 40 
51600 1 2000 43 0 0 1957 0 
51600 2 2000 219 2 0 1775 4 
51600 3 2000 205 3 0 1790 2 
51600 4 2000 87 0 0 1913 0 
51600 5 2000 229 2 0 1766 2 
51600 6 2000 527 7 0 1449 16 
52800 0 2000 1196 35 0 729 40 
52800 1 2000 48 0 0 1952 0 
52800 2 2000 222 1 0 1772 5 
52800 3 2000 193 1 0 1803 3 
52800 4 2000 87 0 0 1913 0 
52800 5 2000 218 1 0 1776 5 
52800 6 2000 504 6 0 1478 12 
54000 0 2000 1204 39 0 707 49 
54000 1 2000 41 0 0 1959 0 
54000 2 2000 188 1 0 1811 0 
54000 3 2000 194 1 0 1800 5 
54000 4 2000 90 0 0 1908 2 
54000 5 2000 220 0 0 1779 0 
54000 6 2000 530 7 0 1456 6 
55200 0 2000 1198 38 0 736 28 
55200 1 2000 49 0 0 1951 0 
55200 2 2000 196 2 0 1800 2 
55200 3 2000 186 4 0 1805 5 
55200 4 2000 87 0 0 1913 0 
55200 5 2000 224 0 0 1776 0 
55200 6 2000 523 7 0 1470 0 
56400 0 2000 1207 37 0 728 28 
56400 1 2000 39 0 0 1961 0 
56400 2 2000 217 0 0 1780 3 
56400 3 2000 205 0 0 1794 1 
56400 4 2000 86 2 0 1911 1 
56400 5 2000 224 0 0 1775 1 
56400 6 2000 516 4 0 1475 5 
57600 0 2000 1184 44 0 743 29 
57600 1 2000 45 0 0 1955 0 
57600 2 2000 199 2 0 1791 8 
57600 3 2000 189 2 0 1809 0 
57600 4 2000 87 0 0 1913 0 
57600 5 2000 228 1 0 1771 0 
57600 6 2000 525 4 0 1464 7 
58800 0 2000 1208 34 0 732 26 
58800 1 2000 41 0 0 1959 0 
58800 2 2000 194 1 0 1805 0 
58800 3 2000 189 0 0 1810 1 
58800 4 2000 87 1 0 1912 0 
58800 5 2000 213 3 0 1782 2 
58800 6 2000 507 5 0 1460 28 
60000 0 2000 1188 31 0 744 36 
60000 1 2000 46 0 0 1953 1 
60000 2 2000 202 2 0 1795 1 
60000 3 2000 187 0 0 1813 0 
60000 4 2000 85 0 0 1915 0 
60000 5 2000 216 0 0 1780 3 
60000 6 2000 522 3 0 1469 5 
61200 0 2000 1183 47 0 717 53 
61200 1 2000 42 0 0 1958 0 
61200 2 2000 192 1 0 1798 9 
61200 3 2000 195 0 0 1804 1 
61200 4 2000 83 0 0 1916 1 
61200 5 2000 224 1 0 1775 0 
61200 6 2000 521 7 0 1467 5 
62400 0 2000 1187 21 0 767 25 
62400 1 2000 41 0 0 1959 0 
62400 2 2000 189 0 0 1809 2 
62400 3 2000 189 1 0 1809 1 
62400 4 2000 87 0 0 1913 0 
62400 5 2000 212 0 0 1786 2 
62400 6 2000 501 3 0 1488 8 
63600 0 2000 1201 36 0 725 38 
63600 1 2000 42 0 0 1958 0 
63600 2 2000 193 3 0 1792 12 
63600 3 2000 199 1 0 1800 0 
63600 4 2000 78 0 0 1922 0 
63600 5 2000 206 0 0 1789 4 
63600 6 2000 493 10 0 1494 2 
64800 0 2000 1182 36 0 729 53 
64800 1 2000 38 0 0 1962 0 
64800 2 2000 199 1 0 1791 9 
64800 3 2000 179 0 0 1821 0 
64800 4 2000 84 0 0 1915 1 
64800 5 2000 210 0 0 1788 2 
64800 6 2000 487 8 0 1495 10 
66000 0 2000 1192 30 0 748 30 
66000 1 2000 31 0 0 1969 0 
66000 2 2000 195 1 0 1802 2 
66000 3 2000 183 2 0 1815 0 
66000 4 2000 77 1 0 1921 1 
66000 5 2000 208 0 0 1792 0 
66000 6 2000 495 7 0 1491 7 
67200 0 2000 1177 36 0 757 30 
67200 1 2000 28 0 0 1972 0 
67200 2 2000 201 1 0 1798 0 
67200 3 2000 178 0 0 1822 0 
67200 4 2000 79 0 0 1920 1 
67200 5 2000 224 0 0 1774 2 
67200 6 2000 489 5 0 1501 5 
68400 0 2000 1188 33 0 741 38 
68400 1 2000 33 0 0 1967 0 
68400 2 2000 196 0 0 1796 8 
68400 3 2000 187 2 0 1811 0 
68400 4 2000 82 0 0 1918 0 
68400 5 2000 219 0 0 1781 0 
68400 6 2000 507 5 0 1481 7 
69600 0 2000 1201 29 0 738 32 
69600 1 2000 36 0 0 1964 0 
69600 2 2000 186 1 0 1808 5 
69600 3 2000 192 0 0 1807 1 
69600 4 2000 83 0 0 1916 1 
69600 5 2000 211 1 0 1788 0 
69600 6 2000 509 4 0 1474 13 
70800 0 2000 1186 18 0 754 42 
70800 1 2000 42 0 0 1958 0 
70800 2 2000 182 1 0 1814 3 
70800 3 2000 176 0 0 1817 7 
70800 4 2000 71 0 0 1928 1 
70800 5 2000 203 0 0 1797 0 
70800 6 2000 498 3 0 1496 3 
72000 0 2000 1176 34 0 758 32 
72000 1 2000 35 0 0 1963 2 
72000 2 2000 169 1 0 1830 0 
72000 3 2000 187 1 0 1811 1 
72000 4 2000 84 0 0 1916 0 
72000 5 2000 207 1 0 1792 0 
72000 6 2000 472 6 0 1517 5 
73200 0 2000 1174 33 0 756 37 
73200 1 2000 34 0 0 1965 1 
73200 2 2000 191 1 0 1807 1 
73200 3 2000 180 0 0 1820 0 
73200 4 2000 76 0 0 1921 3 
73200 5 2000 195 0 0 1805 0 
73200 6 2000 498 4 0 1494 4 
74400 0 2000 1193 32 0 731 44 
74400 1 2000 34 0 0 1966 0 
74400 2 2000 183 0 0 1817 0 
74400 3 2000 184 0 0 1812 4 
74400 4 2000 82 0 0 1918 0 
74400 5 2000 211 0 0 1784 5 
74400 6 2000 481 4 0 1508 7 
75600 0 2000 1189 26 0 746 39 
75600 1 2000 34 0 0 1965 1 
75600 2 2000 175 0 0 1823 2 
75600 3 2000 180 0 0 1820 0 
75600 4 2000 82 0 0 1916 2 
75600 5 2000 205 0 0 1794 1 
75600 6 2000 471 5 0 1520 4 
76800 0 2000 1166 36 0 768 30 
76800 1 2000 35 0 0 1965 0 
76800 2 2000 201 1 0 1797 1 
76800 3 2000 182 0 0 1818 0 
76800 4 2000 83 0 0 1915 2 
76800 5 2000 214 0 0 1781 5 
76800 6 2000 495 9 0 1493 3 
78000 0 2000 1203 22 0 748 27 
78000 1 2000 40 0 0 1960 0 
78000 2 2000 182 2 0 1815 1 
78000 3 2000 172 1 0 1827 0 
78000 4 2000 70 1 0 1929 0 
78000 5 2000 204 0 0 1792 4 
78000 6 2000 484 8 0 1505 3 
79200 0 2000 1182 27 0 746 45 
79200 1 2000 42 0 0 1957 1 
79200 2 2000 176 1 0 1822 1 
79200 3 2000 176 1 0 1823 0 
79200 4 2000 75 0 0 1925 0 
79200 5 2000 210 1 0 1788 1 
79200 6 2000 476 6 0 1507 11 
80400 0 2000 1183 34 0 766 17 
80400 1 2000 34 0 0 1966 0 
80400 2 2000 191 1 0 1806 2 
80400 3 2000 178 0 0 1822 0 
80400 4 2000 77 0 0 1923 0 
80400 5 2000 213 0 0 1787 0 
80400 6 2000 460 6 0 1522 12 
81600 0 2000 1193 42 0 727 38 
81600 1 2000 35 0 0 1965 0 
81600 2 2000 173 1 0 1825 1 
81600 3 2000 181 1 0 1816 2 
81600 4 2000 73 0 0 1927 0 
81600 5 2000 206 1 0 1792 1 
81600 6 2000 467 7 0 1523 3 
82800 0 2000 1172 36 0 755 37 
82800 1 2000 43 0 0 1956 1 
82800 2 2000 172 3 0 1820 5 
82800 3 2000 168 2 0 1822 8 
82800 4 2000 71 0 0 1928 1 
82800 5 2000 214 1 0 1782 3 
82800 6 2000 484 6 0 1504 6 
84000 0 2000 1164 35 0 762 39 
84000 1 2000 38 0 0 1962 0 
84000 2 2000 166 1 0 1824 9 
84000 3 2000 163 1 0 1836 0 
84000 4 2000 71 0 0 1929 0 
84000 5 2000 192 0 0 1802 6 
84000 6 2000 455 4 0 1538 3 
85200 0 2000 1180 28 0 748 44 
85200 1 2000 29 0 0 1971 0 
85200 2 2000 182 0 0 1818 0 
85200 3 2000 167 2 0 1831 0 
85200 4 2000 77 0 0 1923 0 
85200 5 2000 199 1 0 1798 2 
85200 6 2000 464 3 0 1526 7 
86400 0 2000 1169 27 0 770 34 
86400 1 2000 37 0 0 1963 0 
86400 2 2000 178 1 0 1816 5 
86400 3 2000 173 0 0 1826 1 
86400 4 2000 81 0 0 1919 0 
86400 5 2000 197 2 0 1801 0 
86400 6 2000 458 4 0 1535 3 
87600 0 2000 1156 31 0 787 26 
87600 1 2000 32 0 0 1967 1 
87600 2 2000 170 2 0 1828 0 
87600 3 2000 160 0 0 1839 1 
87600 4 2000 74 0 0 1926 0 
87600 5 2000 197 0 0 1801 2 
87600 6 2000 473 7 0 1519 1 
88800 0 2000 1178 28 0 770 24 
88800 1 2000 39 0 0 1961 0 
88800 2 2000 180 1 0 1815 4 
88800 3 2000 160 1 0 1838 1 
88800 4 2000 76 0 0 1919 5 
88800 5 2000 201 1 0 1798 0 
88800 6 2000 449 7 0 1541 3 
90000 0 2000 1187 35 0 749 29 
90000 1 2000 38 0 0 1962 0 
90000 2 2000 173 0 0 1826 1 
90000 3 2000 180 1 0 1818 1 
90000 4 2000 76 0 0 1923 1 
90000 5 2000 193 1 0 1803 3 
90000 6 2000 462 6 0 1523 9 
91200 0 2000 1194 19 0 766 21 
91200 1 2000 34 0 0 1966 0 
91200 2 2000 171 0 0 1827 2 
91200 3 2000 175 0 0 1825 0 
91200 4 2000 82 0 0 1918 0 
91200 5 2000 190 0 0 1809 1 
91200 6 2000 486 0 0 1510 4 
92400 0 2000 1199 27 0 730 44 
92400 1 2000 34 0 0 1966 0 
92400 2 2000 180 0 0 1818 2 
92400 3 2000 171 0 0 1828 1 
92400 4 2000 70 0 0 1930 0 
92400 5 2000 201 0 0 1787 12 
92400 6 2000 475 5 0 1512 8 
93600 0 2000 1177 26 0 759 38 
93600 1 2000 40 0 0 1960 0 
93600 2 2000 173 1 0 1824 2 
93600 3 2000 164 1 0 1835 0 
93600 4 2000 78 0 0 1921 1 
93600 5 2000 186 0 0 1812 2 
93600 6 2000 472 3 0 1520 5 
94800 0 2000 1193 33 0 750 24 
94800 1 2000 30 0 0 1969 1 
94800 2 2000 186 1 0 1806 7 
94800 3 2000 173 0 0 1826 1 
94800 4 2000 70 0 0 1929 1 
94800 5 2000 192 0 0 1807 1 
94800 6 2000 462 4 0 1527 7 
96000 0 2000 1192 32 0 750 26 
96000 1 2000 39 0 0 1961 0 
96000 2 2000 177 1 0 1821 1 
96000 3 2000 169 0 0 1830 1 
96000 4 2000 75 0 0 1925 0 
96000 5 2000 197 0 0 1803 0 
96000 6 2000 465 2 0 1530 3 
97200 0 2000 1166 26 0 776 32 
97200 1 2000 28 0 0 1972 0 
97200 2 2000 172 0 0 1825 3 
97200 3 2000 174 0 0 1826 0 
97200 4 2000 72 0 0 1926 2 
97200 5 2000 208 0 0 1792 0 
97200 6 2000 439 5 0 1551 5 
98400 0 2000 1187 25 0 758 30 
98400 1 2000 40 0 0 1960 0 
98400 2 2000 173 1 0 1826 0 
98400 3 2000 165 0 0 1835 0 
98400 4 2000 72 0 0 1927 1 
98400 5 2000 192 0 0 1807 1 
98400 6 2000 451 3 0 1537 9 
99600 0 2000 1187 26 0 774 13 
99600 1 2000 32 0 0 1968 0 
99600 2 2000 181 0 0 1818 1 
99600 3 2000 165 0 0 1833 2 
99600 4 2000 79 0 0 1920 1 
99600 5 2000 197 0 0 1803 0 
99600 6 2000 464 3 0 1530 3 
100800 0 2000 1172 34 0 760 34 
100800 1 2000 35 0 0 1965 0 
100800 2 2000 173 1 0 1826 0 
100800 3 2000 162 1 0 1836 1 
100800 4 2000 69 0 0 1931 0 
100800 5 2000 213 0 0 1786 1 
100800 6 2000 467 6 0 1527 0 
102000 0 2000 1203 22 0 754 21 
102000 1 2000 33 0 0 1967 0 
102000 2 2000 178 0 0 1820 2 
102000 3 2000 168 0 0 1832 0 
102000 4 2000 66 0 0 1934 0 
102000 5 2000 199 0 0 1799 2 
102000 6 2000 462 4 0 1532 2 
103200 0 2000 1187 29 0 759 25 
103200 1 2000 37 0 0 1963 0 
103200 2 2000 176 2 0 1821 1 
103200 3 2000 171 0 0 1828 1 
103200 4 2000 79 0 0 1920 1 
103200 5 2000 202 0 0 1795 3 
103200 6 2000 460 2 0 1537 1 
104400 0 2000 1158 30 0 785 27 
104400 1 2000 35 0 0 1965 0 
104400 2 2000 166 0 0 1834 0 
104400 3 2000 165 0 0 1833 2 
104400 4 2000 79 0 0 1921 0 
104400 5 2000 211 0 0 1788 1 
104400 6 2000 453 4 0 1536 7 
105600 0 2000 1191 21 0 767 21 
105600 1 2000 28 0 0 1972 0 
105600 2 2000 166 1 0 1833 0 
105600 3 2000 162 0 0 1836 2 
105600 4 2000 79 0 0 1921 0 
105600 5 2000 198 0 0 1797 5 
105600 6 2000 452 3 0 1528 17 
106800 0 2000 1181 25 0 754 40 
106800 1 2000 39 0 0 1961 0 
106800 2 2000 166 0 0 1834 0 
106800 3 2000 174 0 0 1826 0 
106800 4 2000 70 1 0 1929 0 
106800 5 2000 198 0 0 1801 1 
106800 6 2000 456 4 0 1533 7 
108000 0 2000 1186 30 0 761 23 
108000 1 2000 30 0 0 1970 0 
108000 2 2000 171 1 0 1827 1 
108000 3 2000 164 0 0 1835 1 
108000 4 2000 70 0 0 1930 0 
108000 5 2000 179 1 0 1817 3 
108000 6 2000 435 5 0 1556 4 
109200 0 2000 1191 32 0 751 26 
109200 1 2000 31 0 0 1969 0 
109200 2 2000 162 2 0 1833 3 
109200 3 2000 174 0 0 1825 1 
109200 4 2000 71 1 0 1928 0 
109200 5 2000 193 0 0 1806 1 
109200 6 2000 454 5 0 1537 4 
110400 0 2000 1166 36 0 767 31 
110400 1 2000 31 0 0 1965 4 
110400 2 2000 165 1 0 1834 0 
110400 3 2000 167 0 0 1832 1 
110400 4 2000 72 0 0 1928 0 
110400 5 2000 196 1 0 1802 1 
110400 6 2000 459 6 0 1528 7 
111600 0 2000 1172 26 0 762 40 
111600 1 2000 26 0 0 1974 0 
111600 2 2000 179 0 0 1821 0 
111600 3 2000 163 1 0 1836 0 
111600 4 2000 83 0 0 1916 1 
111600 5 2000 195 0 0 1805 0 
111600 6 2000 445 6 0 1540 9 
112800 0 2000 1181 35 0 754 30 
112800 1 2000 34 0 0 1966 0 
112800 2 2000 162 1 0 1835 2 
112800 3 2000 166 1 0 1833 0 
112800 4 2000 67 0 0 1933 0 
112800 5 2000 199 0 0 1801 0 
112800 6 2000 440 6 0 1546 8 
114000 0 2000 1162 30 0 790 18 
114000 1 2000 31 0 0 1969 0 
114000 2 2000 157 0 0 1841 2 
114000 3 2000 163 1 0 1836 0 
114000 4 2000 80 0 0 1918 2 
114000 5 2000 194 1 0 1804 1 
114000 6 2000 449 6 0 1544 1 
115200 0 2000 1170 27 0 772 31 
115200 1 2000 35 0 0 1965 0 
115200 2 2000 175 0 0 1820 5 
115200 3 2000 170 0 0 1820 10 
115200 4 2000 63 0 0 1937 0 
115200 5 2000 200 0 0 1799 1 
115200 6 2000 452 4 0 1537 7 
116400 0 2000 1163 24 0 790 23 
116400 1 2000 37 0 0 1963 0 
116400 2 2000 174 1 0 1823 2 
116400 3 2000 153 0 0 1847 0 
116400 4 2000 78 1 0 1921 0 
116400 5 2000 193 0 0 1807 0 
116400 6 2000 455 7 0 1530 8 
117600 0 2000 1154 27 0 785 34 
117600 1 2000 36 0 0 1964 0 
117600 2 2000 180 1 0 1818 1 
117600 3 2000 175 0 0 1821 4 
117600 4 2000 71 0 0 1929 0 
117600 5 2000 196 0 0 1800 4 
117600 6 2000 470 1 0 1521 8 
118800 0 2000 1179 32 0 770 19 
118800 1 2000 27 0 0 1973 0 
118800 2 2000 167 0 0 1833 0 
118800 3 2000 164 0 0 1836 0 
118800 4 2000 73 0 0 1925 2 
118800 5 2000 177 0 0 1822 1 
118800 6 2000 437 5 0 1554 4 
