0 0 0 0 0 0 0 0 
1200 0 1000 567 16 0 416 0 
2400 0 1000 534 20 0 445 0 
3600 0 1000 536 9 0 454 0 
4800 0 1000 556 16 0 427 0 
6000 0 1000 558 14 0 428 0 
7200 0 1000 556 10 0 434 0 
8400 0 1000 557 14 0 429 0 
9600 0 1000 546 17 0 437 0 
10800 0 1000 534 29 0 437 0 
12000 0 1000 545 18 0 437 0 
13200 0 1000 550 12 0 437 0 
14400 0 1000 556 18 0 426 0 
15600 0 1000 558 12 0 429 0 
16800 0 1000 542 16 0 442 0 
18000 0 1000 500 13 0 454 33 
19200 0 1000 534 10 0 426 29 
20400 0 1000 539 13 0 424 23 
21600 0 1000 526 20 0 429 24 
22800 0 1000 528 12 0 431 28 
24000 0 1000 542 14 0 424 20 
25200 0 1000 543 15 0 394 48 
26400 0 1000 518 16 0 437 29 
27600 0 1000 536 19 0 424 20 
28800 0 1000 539 16 0 422 22 
30000 0 1000 513 17 0 444 25 
31200 0 1000 551 21 0 395 32 
32400 0 1000 566 16 0 386 31 
33600 0 1000 545 25 0 404 25 
34800 0 1000 532 11 0 422 34 
36000 0 1000 561 9 0 419 10 
37200 0 1000 559 12 0 418 10 
38400 0 1000 550 22 0 399 29 
39600 0 1000 553 13 0 405 28 
40800 0 1000 576 13 0 389 22 
42000 0 1000 551 26 0 385 37 
43200 0 1000 557 18 0 380 45 
44400 0 1000 571 17 0 385 26 
45600 0 1000 561 17 0 386 35 
46800 0 1000 562 22 0 386 29 
48000 0 1000 561 19 0 380 39 
49200 0 1000 573 18 0 367 42 
50400 0 1000 589 17 0 372 21 
51600 0 1000 570 20 0 387 23 
52800 0 1000 551 24 0 389 35 
54000 0 1000 566 16 0 383 34 
55200 0 1000 567 18 0 385 29 
56400 0 1000 565 29 0 373 33 
57600 0 1000 600 21 0 346 32 
58800 0 1000 568 33 0 364 34 
60000 0 1000 580 16 0 364 39 
61200 0 1000 598 28 0 346 27 
62400 0 1000 601 27 0 335 36 
63600 0 1000 591 21 0 361 26 
64800 0 1000 621 16 0 350 12 
66000 0 1000 598 19 0 351 32 
67200 0 1000 591 32 0 335 42 
68400 0 1000 610 20 0 348 21 
69600 0 1000 602 24 0 344 29 
70800 0 1000 578 30 0 365 26 
72000 0 1000 599 29 0 337 34 
73200 0 1000 596 25 0 341 37 
74400 0 1000 603 15 0 340 41 
75600 0 1000 612 18 0 340 29 
76800 0 1000 602 31 0 326 40 
78000 0 1000 634 26 0 311 28 
79200 0 1000 610 29 0 325 35 
80400 0 1000 630 25 0 307 37 
81600 0 1000 599 27 0 337 36 
82800 0 1000 615 30 0 319 35 
84000 0 1000 634 19 0 314 32 
85200 0 1000 620 22 0 328 29 
86400 0 1000 607 27 0 328 37 
87600 0 1000 629 26 0 317 27 
88800 0 1000 618 28 0 313 40 
90000 0 1000 612 33 0 315 40 
91200 0 1000 607 26 0 322 44 
92400 0 1000 629 34 0 297 39 
93600 0 1000 607 28 0 316 49 
94800 0 1000 603 36 0 317 43 
96000 0 1000 642 24 0 303 30 
97200 0 1000 607 36 0 319 37 
98400 0 1000 622 31 0 312 34 
99600 0 1000 625 35 0 305 35 
100800 0 1000 637 28 0 301 33 
102000 0 1000 624 43 0 310 23 
103200 0 1000 625 38 0 298 39 
104400 0 1000 639 33 0 295 33 
105600 0 1000 623 34 0 298 45 
106800 0 1000 615 30 0 309 46 
108000 0 1000 630 41 0 298 30 
109200 0 1000 655 41 0 263 40 
110400 0 1000 668 24 0 282 26 
111600 0 1000 645 30 0 291 34 
112800 0 1000 654 24 0 278 43 
114000 0 1000 642 33 0 282 42 
115200 0 1000 631 38 0 293 37 
116400 0 1000 653 39 0 271 36 
117600 0 1000 651 30 0 285 33 
118800 0 1000 661 22 0 284 32 
