0 0.000000 0.000000
1200 500.000000 227.000000
2400 500.000000 230.000000
3600 500.000000 222.000000
4800 500.000000 235.000000
6000 500.000000 225.000000
7200 500.000000 248.000000
8400 500.000000 231.000000
9600 500.000000 228.000000
10800 500.000000 230.000000
12000 500.000000 237.000000
13200 500.000000 275.000000
14400 500.000000 289.000000
15600 500.000000 282.000000
16800 500.000000 290.000000
18000 500.000000 274.000000
19200 500.000000 290.000000
20400 500.000000 270.000000
21600 500.000000 282.000000
22800 500.000000 286.000000
24000 500.000000 223.000000
25200 500.000000 270.000000
26400 500.000000 294.000000
27600 500.000000 285.000000
28800 500.000000 292.000000
30000 500.000000 298.000000
31200 500.000000 294.000000
32400 500.000000 300.000000
33600 500.000000 300.000000
34800 500.000000 285.000000
36000 500.000000 241.000000
37200 500.000000 288.000000
38400 500.000000 302.000000
39600 500.000000 300.000000
40800 500.000000 291.000000
42000 500.000000 303.000000
43200 500.000000 301.000000
44400 500.000000 300.000000
45600 500.000000 293.000000
46800 500.000000 304.000000
48000 500.000000 255.000000
49200 500.000000 302.000000
50400 500.000000 299.000000
51600 500.000000 315.000000
52800 500.000000 301.000000
54000 500.000000 303.000000
55200 500.000000 312.000000
56400 500.000000 327.000000
57600 500.000000 308.000000
58800 500.000000 303.000000
60000 500.000000 239.000000
61200 500.000000 308.000000
62400 500.000000 298.000000
63600 500.000000 305.000000
64800 500.000000 327.000000
66000 500.000000 320.000000
67200 500.000000 316.000000
68400 500.000000 297.000000
69600 500.000000 316.000000
70800 500.000000 319.000000
72000 500.000000 257.000000
73200 500.000000 319.000000
74400 500.000000 321.000000
75600 500.000000 333.000000
76800 500.000000 336.000000
78000 500.000000 322.000000
79200 500.000000 341.000000
80400 500.000000 313.000000
81600 500.000000 324.000000
82800 500.000000 313.000000
84000 500.000000 275.000000
85200 500.000000 334.000000
86400 500.000000 339.000000
87600 500.000000 322.000000
88800 500.000000 325.000000
90000 500.000000 330.000000
91200 500.000000 333.000000
92400 500.000000 337.000000
93600 500.000000 332.000000
94800 500.000000 324.000000
96000 500.000000 274.000000
97200 500.000000 330.000000
98400 500.000000 318.000000
99600 500.000000 328.000000
100800 500.000000 323.000000
102000 500.000000 334.000000
103200 500.000000 335.000000
104400 500.000000 320.000000
105600 500.000000 346.000000
106800 500.000000 348.000000
108000 500.000000 277.000000
109200 500.000000 348.000000
110400 500.000000 336.000000
111600 500.000000 331.000000
112800 500.000000 335.000000
114000 500.000000 327.000000
115200 500.000000 325.000000
116400 500.000000 340.000000
117600 500.000000 344.000000
118800 500.000000 329.000000
120000 500.000000 280.000000
121200 500.000000 306.000000
122400 500.000000 335.000000
123600 500.000000 333.000000
124800 500.000000 325.000000
126000 500.000000 311.000000
127200 500.000000 320.000000
128400 500.000000 319.000000
129600 500.000000 335.000000
130800 500.000000 311.000000
132000 500.000000 282.000000
133200 500.000000 316.000000
134400 500.000000 306.000000
135600 500.000000 308.000000
136800 500.000000 293.000000
138000 500.000000 298.000000
139200 500.000000 319.000000
140400 500.000000 306.000000
141600 500.000000 310.000000
142800 500.000000 295.000000
144000 500.000000 285.000000
145200 500.000000 310.000000
146400 500.000000 322.000000
147600 500.000000 322.000000
148800 500.000000 340.000000
150000 500.000000 317.000000
151200 500.000000 308.000000
152400 500.000000 322.000000
153600 500.000000 316.000000
154800 500.000000 321.000000
156000 500.000000 278.000000
157200 500.000000 307.000000
158400 500.000000 302.000000
159600 500.000000 328.000000
160800 500.000000 311.000000
162000 500.000000 311.000000
163200 500.000000 325.000000
164400 500.000000 312.000000
165600 500.000000 315.000000
166800 500.000000 321.000000
168000 500.000000 299.000000
169200 500.000000 310.000000
170400 500.000000 318.000000
171600 500.000000 328.000000
172800 500.000000 329.000000
174000 500.000000 326.000000
175200 500.000000 328.000000
176400 500.000000 315.000000
177600 500.000000 316.000000
178800 500.000000 316.000000
180000 500.000000 303.000000
181200 500.000000 318.000000
182400 500.000000 318.000000
183600 500.000000 312.000000
184800 500.000000 333.000000
186000 500.000000 322.000000
187200 500.000000 326.000000
188400 500.000000 324.000000
189600 500.000000 313.000000
190800 500.000000 332.000000
192000 500.000000 298.000000
193200 500.000000 314.000000
194400 500.000000 331.000000
195600 500.000000 326.000000
196800 500.000000 311.000000
198000 500.000000 332.000000
199200 500.000000 328.000000
200400 500.000000 332.000000
201600 500.000000 310.000000
202800 500.000000 335.000000
204000 500.000000 303.000000
205200 500.000000 318.000000
206400 500.000000 331.000000
207600 500.000000 333.000000
208800 500.000000 317.000000
210000 500.000000 323.000000
211200 500.000000 326.000000
212400 500.000000 317.000000
213600 500.000000 326.000000
214800 500.000000 322.000000
216000 500.000000 299.000000
217200 500.000000 323.000000
218400 500.000000 327.000000
219600 500.000000 319.000000
220800 500.000000 318.000000
222000 500.000000 326.000000
223200 500.000000 331.000000
224400 500.000000 337.000000
225600 500.000000 320.000000
226800 500.000000 326.000000
228000 500.000000 294.000000
229200 500.000000 311.000000
230400 500.000000 333.000000
231600 500.000000 327.000000
232800 500.000000 332.000000
234000 500.000000 319.000000
235200 500.000000 330.000000
236400 500.000000 332.000000
237600 500.000000 335.000000
238800 500.000000 341.000000
240000 500.000000 289.000000
241200 500.000000 334.000000
242400 500.000000 335.000000
243600 500.000000 319.000000
244800 500.000000 334.000000
246000 500.000000 316.000000
247200 500.000000 328.000000
248400 500.000000 326.000000
249600 500.000000 337.000000
250800 500.000000 336.000000
252000 500.000000 297.000000
253200 500.000000 327.000000
254400 500.000000 335.000000
255600 500.000000 333.000000
256800 500.000000 331.000000
258000 500.000000 329.000000
259200 500.000000 341.000000
260400 500.000000 335.000000
261600 500.000000 331.000000
262800 500.000000 311.000000
264000 500.000000 287.000000
265200 500.000000 330.000000
266400 500.000000 316.000000
267600 500.000000 331.000000
268800 500.000000 331.000000
270000 500.000000 327.000000
271200 500.000000 337.000000
272400 500.000000 356.000000
273600 500.000000 324.000000
274800 500.000000 328.000000
276000 500.000000 316.000000
277200 500.000000 344.000000
278400 500.000000 325.000000
279600 500.000000 334.000000
280800 500.000000 337.000000
282000 500.000000 344.000000
283200 500.000000 324.000000
284400 500.000000 336.000000
285600 500.000000 325.000000
286800 500.000000 334.000000
288000 500.000000 301.000000
289200 500.000000 332.000000
290400 500.000000 336.000000
291600 500.000000 334.000000
292800 500.000000 364.000000
294000 500.000000 320.000000
295200 500.000000 324.000000
296400 500.000000 332.000000
297600 500.000000 334.000000
298800 500.000000 352.000000
300000 500.000000 305.000000
301200 500.000000 351.000000
302400 500.000000 332.000000
303600 500.000000 337.000000
304800 500.000000 341.000000
306000 500.000000 345.000000
307200 500.000000 365.000000
308400 500.000000 335.000000
309600 500.000000 336.000000
310800 500.000000 341.000000
312000 500.000000 307.000000
313200 500.000000 334.000000
314400 500.000000 340.000000
315600 500.000000 347.000000
316800 500.000000 356.000000
318000 500.000000 335.000000
319200 500.000000 337.000000
320400 500.000000 344.000000
321600 500.000000 345.000000
322800 500.000000 342.000000
324000 500.000000 314.000000
325200 500.000000 331.000000
326400 500.000000 347.000000
327600 500.000000 340.000000
328800 500.000000 343.000000
330000 500.000000 345.000000
331200 500.000000 343.000000
332400 500.000000 348.000000
333600 500.000000 346.000000
334800 500.000000 341.000000
336000 500.000000 291.000000
337200 500.000000 337.000000
338400 500.000000 341.000000
339600 500.000000 343.000000
340800 500.000000 335.000000
342000 500.000000 334.000000
343200 500.000000 354.000000
344400 500.000000 341.000000
345600 500.000000 340.000000
346800 500.000000 334.000000
348000 500.000000 307.000000
349200 500.000000 330.000000
350400 500.000000 338.000000
351600 500.000000 340.000000
352800 500.000000 342.000000
354000 500.000000 345.000000
355200 500.000000 348.000000
356400 500.000000 329.000000
357600 500.000000 346.000000
358800 500.000000 330.000000
360000 500.000000 317.000000
361200 500.000000 329.000000
362400 500.000000 342.000000
363600 500.000000 340.000000
364800 500.000000 336.000000
366000 500.000000 352.000000
367200 500.000000 334.000000
368400 500.000000 341.000000
369600 500.000000 338.000000
370800 500.000000 353.000000
372000 500.000000 330.000000
373200 500.000000 338.000000
374400 500.000000 348.000000
375600 500.000000 341.000000
376800 500.000000 333.000000
378000 500.000000 348.000000
379200 500.000000 332.000000
380400 500.000000 328.000000
381600 500.000000 331.000000
382800 500.000000 328.000000
384000 500.000000 295.000000
385200 500.000000 354.000000
386400 500.000000 330.000000
387600 500.000000 342.000000
388800 500.000000 336.000000
390000 500.000000 349.000000
391200 500.000000 326.000000
392400 500.000000 346.000000
393600 500.000000 335.000000
394800 500.000000 343.000000
396000 500.000000 306.000000
397200 500.000000 334.000000
398400 500.000000 353.000000
399600 500.000000 333.000000
400800 500.000000 336.000000
402000 500.000000 318.000000
403200 500.000000 343.000000
404400 500.000000 344.000000
405600 500.000000 343.000000
406800 500.000000 343.000000
408000 500.000000 316.000000
409200 500.000000 325.000000
410400 500.000000 336.000000
411600 500.000000 337.000000
412800 500.000000 350.000000
414000 500.000000 329.000000
415200 500.000000 336.000000
416400 500.000000 342.000000
417600 500.000000 345.000000
418800 500.000000 335.000000
420000 500.000000 302.000000
421200 500.000000 338.000000
422400 500.000000 351.000000
423600 500.000000 338.000000
424800 500.000000 348.000000
426000 500.000000 370.000000
427200 500.000000 327.000000
428400 500.000000 346.000000
429600 500.000000 342.000000
430800 500.000000 337.000000
432000 500.000000 309.000000
433200 500.000000 341.000000
434400 500.000000 339.000000
435600 500.000000 340.000000
436800 500.000000 337.000000
438000 500.000000 341.000000
439200 500.000000 334.000000
440400 500.000000 351.000000
441600 500.000000 329.000000
442800 500.000000 353.000000
444000 500.000000 305.000000
445200 500.000000 344.000000
446400 500.000000 356.000000
447600 500.000000 324.000000
448800 500.000000 342.000000
450000 500.000000 339.000000
451200 500.000000 355.000000
452400 500.000000 329.000000
453600 500.000000 349.000000
454800 500.000000 338.000000
456000 500.000000 303.000000
457200 500.000000 353.000000
458400 500.000000 327.000000
459600 500.000000 350.000000
460800 500.000000 349.000000
462000 500.000000 335.000000
463200 500.000000 345.000000
464400 500.000000 361.000000
465600 500.000000 353.000000
466800 500.000000 346.000000
468000 500.000000 325.000000
469200 500.000000 358.000000
470400 500.000000 338.000000
471600 500.000000 357.000000
472800 500.000000 339.000000
474000 500.000000 350.000000
475200 500.000000 341.000000
476400 500.000000 356.000000
477600 500.000000 322.000000
478800 500.000000 336.000000
480000 500.000000 308.000000
481200 500.000000 340.000000
482400 500.000000 333.000000
483600 500.000000 332.000000
484800 500.000000 356.000000
486000 500.000000 350.000000
487200 500.000000 352.000000
488400 500.000000 341.000000
489600 500.000000 324.000000
490800 500.000000 338.000000
492000 500.000000 310.000000
493200 500.000000 334.000000
494400 500.000000 346.000000
495600 500.000000 330.000000
496800 500.000000 339.000000
498000 500.000000 338.000000
499200 500.000000 351.000000
500400 500.000000 342.000000
501600 500.000000 353.000000
502800 500.000000 336.000000
504000 500.000000 298.000000
505200 500.000000 347.000000
506400 500.000000 353.000000
507600 500.000000 339.000000
508800 500.000000 336.000000
510000 500.000000 348.000000
511200 500.000000 343.000000
512400 500.000000 343.000000
513600 500.000000 349.000000
514800 500.000000 339.000000
516000 500.000000 319.000000
517200 500.000000 355.000000
518400 500.000000 348.000000
519600 500.000000 341.000000
520800 500.000000 344.000000
522000 500.000000 339.000000
523200 500.000000 336.000000
524400 500.000000 336.000000
525600 500.000000 341.000000
526800 500.000000 344.000000
528000 500.000000 319.000000
529200 500.000000 350.000000
530400 500.000000 341.000000
531600 500.000000 344.000000
532800 500.000000 330.000000
534000 500.000000 357.000000
535200 500.000000 340.000000
536400 500.000000 341.000000
537600 500.000000 346.000000
538800 500.000000 343.000000
540000 500.000000 308.000000
541200 500.000000 353.000000
542400 500.000000 373.000000
543600 500.000000 347.000000
544800 500.000000 343.000000
546000 500.000000 348.000000
547200 500.000000 350.000000
548400 500.000000 340.000000
549600 500.000000 340.000000
550800 500.000000 337.000000
552000 500.000000 304.000000
553200 500.000000 355.000000
554400 500.000000 338.000000
555600 500.000000 346.000000
556800 500.000000 351.000000
558000 500.000000 345.000000
559200 500.000000 339.000000
560400 500.000000 345.000000
561600 500.000000 348.000000
562800 500.000000 357.000000
564000 500.000000 310.000000
565200 500.000000 357.000000
566400 500.000000 346.000000
567600 500.000000 352.000000
568800 500.000000 350.000000
570000 500.000000 359.000000
571200 500.000000 356.000000
572400 500.000000 352.000000
573600 500.000000 369.000000
574800 500.000000 356.000000
576000 500.000000 309.000000
577200 500.000000 341.000000
578400 500.000000 332.000000
579600 500.000000 351.000000
580800 500.000000 350.000000
582000 500.000000 349.000000
583200 500.000000 352.000000
584400 500.000000 352.000000
585600 500.000000 341.000000
586800 500.000000 356.000000
588000 500.000000 321.000000
589200 500.000000 349.000000
590400 500.000000 357.000000
591600 500.000000 342.000000
592800 500.000000 359.000000
594000 500.000000 347.000000
595200 500.000000 333.000000
596400 500.000000 352.000000
597600 500.000000 361.000000
598800 500.000000 345.000000
600000 500.000000 312.000000
601200 500.000000 350.000000
602400 500.000000 346.000000
603600 500.000000 349.000000
604800 500.000000 349.000000
606000 500.000000 347.000000
607200 500.000000 350.000000
608400 500.000000 347.000000
609600 500.000000 364.000000
610800 500.000000 337.000000
612000 500.000000 312.000000
613200 500.000000 361.000000
614400 500.000000 345.000000
615600 500.000000 336.000000
616800 500.000000 340.000000
618000 500.000000 333.000000
619200 500.000000 352.000000
620400 500.000000 358.000000
621600 500.000000 358.000000
622800 500.000000 355.000000
624000 500.000000 299.000000
625200 500.000000 341.000000
626400 500.000000 350.000000
627600 500.000000 352.000000
628800 500.000000 334.000000
630000 500.000000 339.000000
631200 500.000000 346.000000
632400 500.000000 359.000000
633600 500.000000 355.000000
634800 500.000000 339.000000
636000 500.000000 312.000000
637200 500.000000 339.000000
638400 500.000000 366.000000
639600 500.000000 358.000000
640800 500.000000 357.000000
642000 500.000000 351.000000
643200 500.000000 344.000000
644400 500.000000 352.000000
645600 500.000000 364.000000
646800 500.000000 352.000000
648000 500.000000 316.000000
649200 500.000000 351.000000
650400 500.000000 345.000000
651600 500.000000 347.000000
652800 500.000000 355.000000
654000 500.000000 356.000000
655200 500.000000 354.000000
656400 500.000000 355.000000
657600 500.000000 358.000000
658800 500.000000 355.000000
660000 500.000000 317.000000
661200 500.000000 354.000000
662400 500.000000 355.000000
663600 500.000000 360.000000
664800 500.000000 343.000000
666000 500.000000 355.000000
667200 500.000000 351.000000
668400 500.000000 368.000000
669600 500.000000 357.000000
670800 500.000000 357.000000
672000 500.000000 309.000000
673200 500.000000 359.000000
674400 500.000000 351.000000
675600 500.000000 366.000000
676800 500.000000 348.000000
678000 500.000000 352.000000
679200 500.000000 357.000000
680400 500.000000 358.000000
681600 500.000000 356.000000
682800 500.000000 359.000000
684000 500.000000 320.000000
685200 500.000000 371.000000
686400 500.000000 349.000000
687600 500.000000 356.000000
688800 500.000000 362.000000
690000 500.000000 351.000000
691200 500.000000 356.000000
692400 500.000000 341.000000
693600 500.000000 344.000000
694800 500.000000 355.000000
696000 500.000000 331.000000
697200 500.000000 349.000000
698400 500.000000 364.000000
699600 500.000000 344.000000
700800 500.000000 356.000000
702000 500.000000 352.000000
703200 500.000000 361.000000
704400 500.000000 363.000000
705600 500.000000 347.000000
706800 500.000000 374.000000
708000 500.000000 327.000000
709200 500.000000 338.000000
710400 500.000000 358.000000
711600 500.000000 346.000000
712800 500.000000 349.000000
714000 500.000000 363.000000
715200 500.000000 363.000000
716400 500.000000 350.000000
717600 500.000000 349.000000
718800 500.000000 346.000000
720000 500.000000 303.000000
721200 500.000000 366.000000
722400 500.000000 343.000000
723600 500.000000 355.000000
724800 500.000000 346.000000
726000 500.000000 362.000000
727200 500.000000 358.000000
728400 500.000000 349.000000
729600 500.000000 346.000000
730800 500.000000 348.000000
732000 500.000000 318.000000
733200 500.000000 365.000000
734400 500.000000 350.000000
735600 500.000000 372.000000
736800 500.000000 363.000000
738000 500.000000 357.000000
739200 500.000000 354.000000
740400 500.000000 359.000000
741600 500.000000 369.000000
742800 500.000000 380.000000
744000 500.000000 317.000000
745200 500.000000 344.000000
746400 500.000000 364.000000
747600 500.000000 358.000000
748800 500.000000 360.000000
750000 500.000000 355.000000
751200 500.000000 353.000000
752400 500.000000 360.000000
753600 500.000000 353.000000
754800 500.000000 363.000000
756000 500.000000 324.000000
757200 500.000000 353.000000
758400 500.000000 340.000000
759600 500.000000 347.000000
760800 500.000000 345.000000
762000 500.000000 358.000000
763200 500.000000 352.000000
764400 500.000000 348.000000
765600 500.000000 364.000000
766800 500.000000 345.000000
768000 500.000000 314.000000
769200 500.000000 350.000000
770400 500.000000 350.000000
771600 500.000000 354.000000
772800 500.000000 348.000000
774000 500.000000 354.000000
775200 500.000000 344.000000
776400 500.000000 340.000000
777600 500.000000 353.000000
778800 500.000000 353.000000
780000 500.000000 317.000000
781200 500.000000 359.000000
782400 500.000000 358.000000
783600 500.000000 343.000000
784800 500.000000 346.000000
786000 500.000000 355.000000
787200 500.000000 344.000000
788400 500.000000 358.000000
789600 500.000000 343.000000
790800 500.000000 356.000000
792000 500.000000 303.000000
793200 500.000000 350.000000
794400 500.000000 354.000000
795600 500.000000 363.000000
796800 500.000000 339.000000
798000 500.000000 344.000000
799200 500.000000 370.000000
800400 500.000000 342.000000
801600 500.000000 356.000000
802800 500.000000 352.000000
804000 500.000000 324.000000
805200 500.000000 344.000000
806400 500.000000 349.000000
807600 500.000000 351.000000
808800 500.000000 341.000000
810000 500.000000 326.000000
811200 500.000000 351.000000
812400 500.000000 352.000000
813600 500.000000 335.000000
814800 500.000000 356.000000
816000 500.000000 312.000000
817200 500.000000 349.000000
818400 500.000000 350.000000
819600 500.000000 350.000000
820800 500.000000 365.000000
822000 500.000000 337.000000
823200 500.000000 359.000000
824400 500.000000 365.000000
825600 500.000000 354.000000
826800 500.000000 354.000000
828000 500.000000 309.000000
829200 500.000000 352.000000
830400 500.000000 344.000000
831600 500.000000 372.000000
832800 500.000000 351.000000
834000 500.000000 365.000000
835200 500.000000 365.000000
836400 500.000000 360.000000
837600 500.000000 354.000000
838800 500.000000 350.000000
840000 500.000000 322.000000
841200 500.000000 369.000000
842400 500.000000 361.000000
843600 500.000000 348.000000
844800 500.000000 365.000000
846000 500.000000 371.000000
847200 500.000000 348.000000
848400 500.000000 362.000000
849600 500.000000 357.000000
850800 500.000000 353.000000
852000 500.000000 313.000000
853200 500.000000 352.000000
854400 500.000000 355.000000
855600 500.000000 345.000000
856800 500.000000 341.000000
858000 500.000000 367.000000
859200 500.000000 355.000000
860400 500.000000 356.000000
861600 500.000000 345.000000
862800 500.000000 349.000000
864000 500.000000 320.000000
865200 500.000000 368.000000
866400 500.000000 356.000000
867600 500.000000 352.000000
868800 500.000000 348.000000
870000 500.000000 343.000000
871200 500.000000 346.000000
872400 500.000000 364.000000
873600 500.000000 348.000000
874800 500.000000 358.000000
876000 500.000000 313.000000
877200 500.000000 348.000000
878400 500.000000 353.000000
879600 500.000000 340.000000
880800 500.000000 356.000000
882000 500.000000 342.000000
883200 500.000000 352.000000
884400 500.000000 351.000000
885600 500.000000 346.000000
886800 500.000000 357.000000
888000 500.000000 302.000000
889200 500.000000 344.000000
890400 500.000000 352.000000
891600 500.000000 351.000000
892800 500.000000 353.000000
894000 500.000000 355.000000
895200 500.000000 351.000000
896400 500.000000 359.000000
897600 500.000000 339.000000
898800 500.000000 354.000000
900000 500.000000 309.000000
901200 500.000000 361.000000
902400 500.000000 335.000000
903600 500.000000 355.000000
904800 500.000000 346.000000
906000 500.000000 356.000000
907200 500.000000 358.000000
908400 500.000000 359.000000
909600 500.000000 338.000000
910800 500.000000 357.000000
912000 500.000000 312.000000
913200 500.000000 353.000000
914400 500.000000 354.000000
915600 500.000000 360.000000
916800 500.000000 362.000000
918000 500.000000 352.000000
919200 500.000000 359.000000
920400 500.000000 346.000000
921600 500.000000 342.000000
922800 500.000000 352.000000
924000 500.000000 303.000000
925200 500.000000 352.000000
926400 500.000000 327.000000
927600 500.000000 374.000000
928800 500.000000 368.000000
930000 500.000000 348.000000
931200 500.000000 351.000000
932400 500.000000 364.000000
933600 500.000000 364.000000
934800 500.000000 366.000000
936000 500.000000 310.000000
937200 500.000000 360.000000
938400 500.000000 359.000000
939600 500.000000 350.000000
940800 500.000000 358.000000
942000 500.000000 346.000000
943200 500.000000 339.000000
944400 500.000000 363.000000
945600 500.000000 354.000000
946800 500.000000 355.000000
948000 500.000000 321.000000
949200 500.000000 332.000000
950400 500.000000 353.000000
951600 500.000000 350.000000
952800 500.000000 352.000000
954000 500.000000 354.000000
955200 500.000000 337.000000
956400 500.000000 334.000000
957600 500.000000 350.000000
958800 500.000000 352.000000
960000 500.000000 325.000000
961200 500.000000 346.000000
962400 500.000000 351.000000
963600 500.000000 357.000000
964800 500.000000 350.000000
966000 500.000000 356.000000
967200 500.000000 360.000000
968400 500.000000 361.000000
969600 500.000000 353.000000
970800 500.000000 333.000000
972000 500.000000 319.000000
973200 500.000000 344.000000
974400 500.000000 368.000000
975600 500.000000 341.000000
976800 500.000000 341.000000
978000 500.000000 361.000000
979200 500.000000 359.000000
980400 500.000000 349.000000
981600 500.000000 352.000000
982800 500.000000 359.000000
984000 500.000000 317.000000
985200 500.000000 341.000000
986400 500.000000 363.000000
987600 500.000000 357.000000
988800 500.000000 347.000000
990000 500.000000 351.000000
991200 500.000000 358.000000
992400 500.000000 349.000000
993600 500.000000 367.000000
994800 500.000000 364.000000
996000 500.000000 306.000000
997200 500.000000 359.000000
998400 500.000000 367.000000
999600 500.000000 352.000000
1.0008e+06 500.000000 355.000000
1.002e+06 500.000000 344.000000
1.0032e+06 500.000000 375.000000
1.0044e+06 500.000000 370.000000
1.0056e+06 500.000000 354.000000
1.0068e+06 500.000000 348.000000
1.008e+06 500.000000 307.000000
1.0092e+06 500.000000 360.000000
1.0104e+06 500.000000 357.000000
1.0116e+06 500.000000 366.000000
1.0128e+06 500.000000 359.000000
1.014e+06 500.000000 350.000000
1.0152e+06 500.000000 365.000000
1.0164e+06 500.000000 348.000000
1.0176e+06 500.000000 358.000000
1.0188e+06 500.000000 361.000000
1.02e+06 500.000000 328.000000
1.0212e+06 500.000000 356.000000
1.0224e+06 500.000000 356.000000
1.0236e+06 500.000000 356.000000
1.0248e+06 500.000000 360.000000
1.026e+06 500.000000 359.000000
1.0272e+06 500.000000 352.000000
1.0284e+06 500.000000 347.000000
1.0296e+06 500.000000 346.000000
1.0308e+06 500.000000 357.000000
1.032e+06 500.000000 323.000000
1.0332e+06 500.000000 354.000000
1.0344e+06 500.000000 339.000000
1.0356e+06 500.000000 344.000000
1.0368e+06 500.000000 362.000000
1.038e+06 500.000000 348.000000
1.0392e+06 500.000000 356.000000
1.0404e+06 500.000000 376.000000
1.0416e+06 500.000000 351.000000
1.0428e+06 500.000000 341.000000
1.044e+06 500.000000 320.000000
1.0452e+06 500.000000 353.000000
1.0464e+06 500.000000 350.000000
1.0476e+06 500.000000 358.000000
1.0488e+06 500.000000 361.000000
1.05e+06 500.000000 355.000000
1.0512e+06 500.000000 355.000000
1.0524e+06 500.000000 355.000000
1.0536e+06 500.000000 350.000000
1.0548e+06 500.000000 358.000000
1.056e+06 500.000000 313.000000
1.0572e+06 500.000000 360.000000
1.0584e+06 500.000000 356.000000
1.0596e+06 500.000000 360.000000
1.0608e+06 500.000000 356.000000
1.062e+06 500.000000 343.000000
1.0632e+06 500.000000 349.000000
1.0644e+06 500.000000 368.000000
1.0656e+06 500.000000 352.000000
1.0668e+06 500.000000 346.000000
1.068e+06 500.000000 318.000000
1.0692e+06 500.000000 346.000000
1.0704e+06 500.000000 359.000000
1.0716e+06 500.000000 355.000000
1.0728e+06 500.000000 361.000000
1.074e+06 500.000000 362.000000
1.0752e+06 500.000000 346.000000
1.0764e+06 500.000000 344.000000
1.0776e+06 500.000000 363.000000
1.0788e+06 500.000000 366.000000
1.08e+06 500.000000 326.000000
1.0812e+06 500.000000 363.000000
1.0824e+06 500.000000 351.000000
1.0836e+06 500.000000 367.000000
1.0848e+06 500.000000 364.000000
1.086e+06 500.000000 356.000000
1.0872e+06 500.000000 344.000000
1.0884e+06 500.000000 363.000000
1.0896e+06 500.000000 359.000000
1.0908e+06 500.000000 347.000000
1.092e+06 500.000000 315.000000
1.0932e+06 500.000000 343.000000
1.0944e+06 500.000000 349.000000
1.0956e+06 500.000000 352.000000
1.0968e+06 500.000000 352.000000
1.098e+06 500.000000 362.000000
1.0992e+06 500.000000 357.000000
1.1004e+06 500.000000 351.000000
1.1016e+06 500.000000 351.000000
1.1028e+06 500.000000 351.000000
1.104e+06 500.000000 325.000000
1.1052e+06 500.000000 343.000000
1.1064e+06 500.000000 352.000000
1.1076e+06 500.000000 356.000000
1.1088e+06 500.000000 368.000000
1.11e+06 500.000000 350.000000
1.1112e+06 500.000000 354.000000
1.1124e+06 500.000000 349.000000
1.1136e+06 500.000000 368.000000
1.1148e+06 500.000000 373.000000
1.116e+06 500.000000 329.000000
1.1172e+06 500.000000 333.000000
1.1184e+06 500.000000 351.000000
1.1196e+06 500.000000 347.000000
1.1208e+06 500.000000 349.000000
1.122e+06 500.000000 354.000000
1.1232e+06 500.000000 352.000000
1.1244e+06 500.000000 361.000000
1.1256e+06 500.000000 348.000000
1.1268e+06 500.000000 357.000000
1.128e+06 500.000000 305.000000
1.1292e+06 500.000000 348.000000
1.1304e+06 500.000000 365.000000
1.1316e+06 500.000000 341.000000
1.1328e+06 500.000000 353.000000
1.134e+06 500.000000 369.000000
1.1352e+06 500.000000 351.000000
1.1364e+06 500.000000 344.000000
1.1376e+06 500.000000 363.000000
1.1388e+06 500.000000 366.000000
1.14e+06 500.000000 320.000000
1.1412e+06 500.000000 349.000000
1.1424e+06 500.000000 377.000000
1.1436e+06 500.000000 357.000000
1.1448e+06 500.000000 348.000000
1.146e+06 500.000000 349.000000
1.1472e+06 500.000000 355.000000
1.1484e+06 500.000000 340.000000
1.1496e+06 500.000000 357.000000
1.1508e+06 500.000000 358.000000
1.152e+06 500.000000 316.000000
1.1532e+06 500.000000 363.000000
1.1544e+06 500.000000 357.000000
1.1556e+06 500.000000 361.000000
1.1568e+06 500.000000 369.000000
1.158e+06 500.000000 364.000000
1.1592e+06 500.000000 356.000000
1.1604e+06 500.000000 383.000000
1.1616e+06 500.000000 367.000000
1.1628e+06 500.000000 376.000000
1.164e+06 500.000000 323.000000
1.1652e+06 500.000000 360.000000
1.1664e+06 500.000000 348.000000
1.1676e+06 500.000000 372.000000
1.1688e+06 500.000000 360.000000
1.17e+06 500.000000 347.000000
1.1712e+06 500.000000 348.000000
1.1724e+06 500.000000 351.000000
1.1736e+06 500.000000 353.000000
1.1748e+06 500.000000 347.000000
1.176e+06 500.000000 335.000000
1.1772e+06 500.000000 356.000000
1.1784e+06 500.000000 352.000000
1.1796e+06 500.000000 362.000000
1.1808e+06 500.000000 357.000000
1.182e+06 500.000000 350.000000
1.1832e+06 500.000000 350.000000
1.1844e+06 500.000000 359.000000
1.1856e+06 500.000000 350.000000
1.1868e+06 500.000000 345.000000
1.188e+06 500.000000 323.000000
1.1892e+06 500.000000 376.000000
1.1904e+06 500.000000 342.000000
1.1916e+06 500.000000 361.000000
1.1928e+06 500.000000 353.000000
1.194e+06 500.000000 357.000000
1.1952e+06 500.000000 353.000000
1.1964e+06 500.000000 347.000000
1.1976e+06 500.000000 362.000000
1.1988e+06 500.000000 346.000000
