0 1 -893.624 -1194.93 0 14
1200 1 -893.624 -1194.93 5 14
2400 1 -893.624 -1194.93 5 14
3600 1 -893.624 -1194.93 5 14
4800 1 -893.624 -1194.93 5 14
6000 1 -893.624 -1194.93 5 14
7200 1 -893.624 -1194.93 5 14
8400 1 -893.624 -1194.93 5 14
9600 1 -893.624 -1194.93 5 14
10800 1 -893.624 -1194.93 5 14
12000 1 -893.624 -1194.93 5 14
13200 1 -893.624 -1194.93 5 14
14400 1 -893.624 -1194.93 5 14
15600 1 -893.624 -1194.93 5 14
16800 1 -893.624 -1194.93 5 14
18000 1 -893.624 -1194.93 5 14
19200 1 -893.624 -1194.93 5 14
20400 1 -893.624 -1194.93 5 14
21600 1 -893.624 -1194.93 5 14
22800 1 -893.624 -1194.93 5 14
24000 1 -893.624 -1194.93 5 14
25200 1 -893.624 -1194.93 5 14
26400 1 -893.624 -1194.93 5 14
27600 1 -893.624 -1194.93 5 14
28800 1 -893.624 -1194.93 5 14
30000 1 -893.624 -1194.93 5 14
31200 1 -893.624 -1194.93 5 14
32400 1 -893.624 -1194.93 5 14
33600 1 -893.624 -1194.93 5 14
34800 1 -893.624 -1194.93 5 14
36000 1 -893.624 -1194.93 5 14
37200 1 -893.624 -1194.93 5 14
38400 1 -893.624 -1194.93 5 14
39600 1 -893.624 -1194.93 5 14
40800 1 -893.624 -1194.93 5 14
42000 1 -893.624 -1194.93 5 14
43200 1 -893.624 -1194.93 5 14
44400 1 -893.624 -1194.93 5 14
45600 1 -893.624 -1194.93 5 14
46800 1 -893.624 -1194.93 5 14
48000 1 -893.624 -1194.93 5 14
49200 1 -893.624 -1194.93 5 14
50400 1 -893.624 -1194.93 5 14
51600 1 -893.624 -1194.93 5 14
52800 1 -893.624 -1194.93 5 14
54000 1 -893.624 -1194.93 5 14
55200 1 -893.624 -1194.93 5 14
56400 1 -893.624 -1194.93 5 14
57600 1 -893.624 -1194.93 5 14
58800 1 -893.624 -1194.93 5 14
60000 1 -893.624 -1194.93 5 14
61200 1 -893.624 -1194.93 5 14
62400 1 -893.624 -1194.93 5 14
63600 1 -893.624 -1194.93 5 14
64800 1 -893.624 -1194.93 5 14
66000 1 -893.624 -1194.93 5 14
67200 1 -893.624 -1194.93 5 14
68400 1 -893.624 -1194.93 5 14
69600 1 -893.624 -1194.93 5 14
70800 1 -893.624 -1194.93 5 14
