0 0 0 0 0 0 0 0 
0 1 0 0 0 0 0 0 
0 2 0 0 0 0 0 0 
0 3 0 0 0 0 0 0 
0 4 0 0 0 0 0 0 
0 5 0 0 0 0 0 0 
0 6 0 0 0 0 0 0 
1200 0 2000 1240 89 0 670 0 
1200 1 2000 68 0 0 1932 0 
1200 2 2000 292 9 0 1699 0 
1200 3 2000 278 3 0 1719 0 
1200 4 2000 146 0 0 1854 0 
1200 5 2000 306 7 0 1686 0 
1200 6 2000 676 22 0 1301 0 
2400 0 2000 1243 89 0 668 0 
2400 1 2000 78 0 0 1922 0 
2400 2 2000 290 5 0 1705 0 
2400 3 2000 287 3 0 1710 0 
2400 4 2000 148 2 0 1850 0 
2400 5 2000 309 9 0 1682 0 
2400 6 2000 697 25 0 1278 0 
3600 0 2000 1224 94 0 682 0 
3600 1 2000 54 1 0 1945 0 
3600 2 2000 293 9 0 1698 0 
3600 3 2000 273 2 0 1725 0 
3600 4 2000 130 0 0 1870 0 
3600 5 2000 314 3 0 1683 0 
3600 6 2000 687 26 0 1287 0 
4800 0 2000 1221 102 0 677 0 
4800 1 2000 62 0 0 1938 0 
4800 2 2000 307 6 0 1687 0 
4800 3 2000 283 2 0 1715 0 
4800 4 2000 127 3 0 1870 0 
4800 5 2000 305 6 0 1689 0 
4800 6 2000 678 27 0 1295 0 
6000 0 2000 1255 88 0 655 0 
6000 1 2000 63 0 0 1937 0 
6000 2 2000 286 6 0 1708 0 
6000 3 2000 281 2 0 1716 0 
6000 4 2000 135 0 0 1865 0 
6000 5 2000 310 6 0 1683 0 
6000 6 2000 697 15 0 1287 0 
7200 0 2000 1228 97 0 673 0 
7200 1 2000 65 0 0 1935 0 
7200 2 2000 293 8 0 1699 0 
7200 3 2000 278 6 0 1715 0 
7200 4 2000 140 1 0 1859 0 
7200 5 2000 307 6 0 1686 0 
7200 6 2000 673 33 0 1293 0 
8400 0 2000 1241 89 0 670 0 
8400 1 2000 73 0 0 1927 0 
8400 2 2000 320 11 0 1669 0 
8400 3 2000 260 4 0 1736 0 
8400 4 2000 131 0 0 1869 0 
8400 5 2000 302 3 0 1695 0 
8400 6 2000 695 31 0 1274 0 
9600 0 2000 1240 90 0 669 0 
9600 1 2000 72 0 0 1928 0 
9600 2 2000 289 5 0 1705 0 
9600 3 2000 286 2 0 1711 0 
9600 4 2000 147 0 0 1853 0 
9600 5 2000 300 7 0 1693 0 
9600 6 2000 680 26 0 1294 0 
10800 0 2000 1232 101 0 665 0 
10800 1 2000 70 0 0 1930 0 
10800 2 2000 297 10 0 1693 0 
10800 3 2000 277 4 0 1718 0 
10800 4 2000 130 0 0 1870 0 
10800 5 2000 311 10 0 1678 0 
10800 6 2000 683 27 0 1289 0 
12000 0 2000 1234 88 0 676 0 
12000 1 2000 63 0 0 1937 0 
12000 2 2000 296 5 0 1698 0 
12000 3 2000 291 1 0 1707 0 
12000 4 2000 135 0 0 1864 0 
12000 5 2000 300 4 0 1695 0 
12000 6 2000 677 19 0 1303 0 
13200 0 2000 1244 90 0 665 0 
13200 1 2000 66 0 0 1934 0 
13200 2 2000 281 8 0 1711 0 
13200 3 2000 269 3 0 1727 0 
13200 4 2000 142 1 0 1857 0 
13200 5 2000 296 8 0 1696 0 
13200 6 2000 678 22 0 1300 0 
14400 0 2000 1241 80 0 678 0 
14400 1 2000 64 1 0 1935 0 
14400 2 2000 290 3 0 1707 0 
14400 3 2000 277 3 0 1720 0 
14400 4 2000 129 0 0 1871 0 
14400 5 2000 313 5 0 1681 0 
14400 6 2000 660 27 0 1312 0 
15600 0 2000 1236 98 0 665 0 
15600 1 2000 70 1 0 1929 0 
15600 2 2000 309 7 0 1684 0 
15600 3 2000 275 7 0 1717 0 
15600 4 2000 132 2 0 1866 0 
15600 5 2000 334 2 0 1663 0 
15600 6 2000 719 19 0 1261 0 
16800 0 2000 1231 112 0 657 0 
16800 1 2000 59 0 0 1941 0 
16800 2 2000 312 9 0 1679 0 
16800 3 2000 273 2 0 1725 0 
16800 4 2000 131 0 0 1869 0 
16800 5 2000 308 9 0 1683 0 
16800 6 2000 713 27 0 1260 0 
18000 0 2000 1194 92 0 661 53 
18000 1 2000 64 1 0 1934 1 
18000 2 2000 306 8 0 1684 2 
18000 3 2000 274 10 0 1716 0 
18000 4 2000 144 0 0 1856 0 
18000 5 2000 321 6 0 1664 9 
18000 6 2000 685 30 0 1272 13 
19200 0 2000 1205 89 0 652 54 
19200 1 2000 69 0 0 1929 2 
19200 2 2000 299 2 0 1693 6 
19200 3 2000 271 8 0 1721 0 
19200 4 2000 140 1 0 1857 2 
19200 5 2000 287 4 0 1704 5 
19200 6 2000 674 25 0 1287 14 
20400 0 2000 1192 77 0 653 78 
20400 1 2000 54 0 0 1944 2 
20400 2 2000 292 3 0 1701 4 
20400 3 2000 266 2 0 1731 1 
20400 4 2000 130 6 0 1860 4 
20400 5 2000 289 2 0 1705 4 
20400 6 2000 648 25 0 1310 17 
21600 0 2000 1218 97 0 632 52 
21600 1 2000 56 0 0 1940 4 
21600 2 2000 298 9 0 1682 11 
21600 3 2000 265 2 0 1725 7 
21600 4 2000 124 1 0 1874 1 
21600 5 2000 305 6 0 1677 12 
21600 6 2000 686 28 0 1266 20 
22800 0 2000 1197 75 0 681 46 
22800 1 2000 64 0 0 1935 1 
22800 2 2000 283 7 0 1704 5 
22800 3 2000 282 1 0 1711 5 
22800 4 2000 125 1 0 1871 3 
22800 5 2000 293 1 0 1703 3 
22800 6 2000 661 17 0 1303 19 
24000 0 2000 1194 71 0 681 53 
24000 1 2000 57 0 0 1939 4 
24000 2 2000 282 4 0 1711 3 
24000 3 2000 252 2 0 1739 6 
24000 4 2000 132 0 0 1866 2 
24000 5 2000 294 6 0 1699 1 
24000 6 2000 634 25 0 1324 17 
25200 0 2000 1209 68 0 658 65 
25200 1 2000 57 0 0 1941 2 
25200 2 2000 266 4 0 1721 9 
25200 3 2000 255 2 0 1738 5 
25200 4 2000 131 0 0 1868 1 
25200 5 2000 295 3 0 1698 4 
25200 6 2000 632 18 0 1341 9 
26400 0 2000 1199 73 0 684 44 
26400 1 2000 61 0 0 1939 0 
26400 2 2000 269 0 0 1726 5 
26400 3 2000 244 5 0 1737 14 
26400 4 2000 128 1 0 1871 0 
26400 5 2000 288 3 0 1708 1 
26400 6 2000 632 20 0 1322 26 
27600 0 2000 1183 72 0 685 59 
27600 1 2000 59 0 0 1940 1 
27600 2 2000 263 7 0 1726 3 
27600 3 2000 249 4 0 1740 6 
27600 4 2000 121 2 0 1876 1 
27600 5 2000 291 2 0 1703 4 
27600 6 2000 621 16 0 1356 7 
28800 0 2000 1198 69 0 682 49 
28800 1 2000 52 0 0 1948 0 
28800 2 2000 271 1 0 1722 6 
28800 3 2000 246 0 0 1751 2 
28800 4 2000 121 1 0 1877 1 
28800 5 2000 282 2 0 1706 9 
28800 6 2000 631 12 0 1346 9 
30000 0 2000 1195 74 0 669 62 
30000 1 2000 58 0 0 1940 2 
30000 2 2000 264 7 0 1721 8 
30000 3 2000 236 4 0 1743 17 
30000 4 2000 119 0 0 1880 1 
30000 5 2000 275 4 0 1716 5 
30000 6 2000 609 19 0 1363 9 
31200 0 2000 1201 66 0 687 46 
31200 1 2000 53 0 0 1947 0 
31200 2 2000 250 2 0 1743 5 
31200 3 2000 236 3 0 1757 4 
31200 4 2000 116 2 0 1881 1 
31200 5 2000 263 4 0 1731 2 
31200 6 2000 614 16 0 1355 15 
32400 0 2000 1202 61 0 700 37 
32400 1 2000 58 0 0 1942 0 
32400 2 2000 247 3 0 1741 9 
32400 3 2000 232 6 0 1762 0 
32400 4 2000 113 0 0 1887 0 
32400 5 2000 271 1 0 1723 5 
32400 6 2000 599 15 0 1371 15 
33600 0 2000 1220 56 0 681 43 
33600 1 2000 50 0 0 1949 1 
33600 2 2000 246 4 0 1748 2 
33600 3 2000 226 5 0 1767 2 
33600 4 2000 104 0 0 1895 1 
33600 5 2000 269 3 0 1728 0 
33600 6 2000 588 16 0 1371 25 
34800 0 2000 1188 63 0 676 72 
34800 1 2000 52 0 0 1948 0 
34800 2 2000 250 2 0 1740 8 
34800 3 2000 229 2 0 1758 11 
34800 4 2000 105 0 0 1891 4 
34800 5 2000 281 4 0 1712 2 
34800 6 2000 589 12 0 1389 9 
36000 0 2000 1214 50 0 690 46 
36000 1 2000 52 0 0 1947 1 
36000 2 2000 246 1 0 1747 6 
36000 3 2000 223 4 0 1773 0 
36000 4 2000 113 0 0 1884 3 
36000 5 2000 255 3 0 1738 4 
36000 6 2000 570 8 0 1411 11 
37200 0 2000 1190 50 0 705 55 
37200 1 2000 48 0 0 1952 0 
37200 2 2000 248 2 0 1741 9 
37200 3 2000 222 4 0 1773 1 
37200 4 2000 111 0 0 1883 6 
37200 5 2000 254 2 0 1743 1 
37200 6 2000 581 11 0 1389 19 
38400 0 2000 1195 48 0 687 70 
38400 1 2000 55 0 0 1945 0 
38400 2 2000 231 5 0 1763 1 
38400 3 2000 227 2 0 1771 0 
38400 4 2000 107 1 0 1890 2 
38400 5 2000 252 3 0 1734 11 
38400 6 2000 581 11 0 1397 11 
39600 0 2000 1188 60 0 699 53 
39600 1 2000 60 0 0 1940 0 
39600 2 2000 247 0 0 1753 0 
39600 3 2000 211 2 0 1784 3 
39600 4 2000 96 1 0 1901 2 
39600 5 2000 249 4 0 1745 2 
39600 6 2000 551 13 0 1415 21 
40800 0 2000 1194 58 0 686 62 
40800 1 2000 55 0 0 1945 0 
40800 2 2000 234 1 0 1763 2 
40800 3 2000 211 1 0 1778 10 
40800 4 2000 95 0 0 1904 1 
40800 5 2000 250 0 0 1746 4 
40800 6 2000 568 15 0 1404 13 
42000 0 2000 1190 37 0 719 53 
42000 1 2000 51 0 0 1949 0 
42000 2 2000 241 2 0 1745 12 
42000 3 2000 197 1 0 1797 5 
42000 4 2000 103 1 0 1896 0 
42000 5 2000 246 0 0 1748 5 
42000 6 2000 577 6 0 1412 4 
43200 0 2000 1192 43 0 719 46 
43200 1 2000 43 0 0 1955 2 
43200 2 2000 221 1 0 1767 11 
43200 3 2000 199 1 0 1797 3 
43200 4 2000 97 0 0 1901 2 
43200 5 2000 239 1 0 1759 1 
43200 6 2000 547 9 0 1432 12 
44400 0 2000 1216 42 0 703 39 
44400 1 2000 46 0 0 1954 0 
44400 2 2000 224 3 0 1769 4 
44400 3 2000 209 1 0 1789 1 
44400 4 2000 94 0 0 1906 0 
44400 5 2000 237 2 0 1757 4 
44400 6 2000 547 10 0 1425 18 
45600 0 2000 1189 44 0 722 45 
45600 1 2000 47 0 0 1949 4 
45600 2 2000 230 2 0 1758 10 
45600 3 2000 223 1 0 1774 2 
45600 4 2000 80 0 0 1920 0 
45600 5 2000 257 0 0 1741 2 
45600 6 2000 537 9 0 1437 17 
46800 0 2000 1192 50 0 710 48 
46800 1 2000 43 0 0 1956 1 
46800 2 2000 220 3 0 1774 3 
46800 3 2000 197 1 0 1802 0 
46800 4 2000 99 0 0 1899 2 
46800 5 2000 254 2 0 1742 2 
46800 6 2000 544 9 0 1421 26 
48000 0 2000 1198 45 0 703 53 
48000 1 2000 42 0 0 1958 0 
48000 2 2000 214 2 0 1784 0 
48000 3 2000 192 1 0 1804 3 
48000 4 2000 93 1 0 1902 3 
48000 5 2000 232 0 0 1765 2 
48000 6 2000 536 8 0 1441 14 
49200 0 2000 1214 39 0 718 29 
49200 1 2000 44 0 0 1953 3 
49200 2 2000 205 3 0 1789 3 
49200 3 2000 199 1 0 1790 10 
49200 4 2000 87 0 0 1913 0 
49200 5 2000 231 2 0 1764 3 
49200 6 2000 539 9 0 1444 8 
50400 0 2000 1180 40 0 726 54 
50400 1 2000 41 1 0 1956 2 
50400 2 2000 215 1 0 1783 1 
50400 3 2000 201 1 0 1796 2 
50400 4 2000 89 0 0 1909 2 
50400 5 2000 234 1 0 1763 2 
50400 6 2000 527 8 0 1453 12 
51600 0 2000 1198 39 0 707 55 
51600 1 2000 39 0 0 1961 0 
51600 2 2000 211 1 0 1785 3 
51600 3 2000 205 0 0 1791 4 
51600 4 2000 85 0 0 1915 0 
51600 5 2000 231 0 0 1768 0 
51600 6 2000 510 10 0 1465 14 
52800 0 2000 1188 45 0 717 50 
52800 1 2000 39 1 0 1960 0 
52800 2 2000 216 2 0 1781 1 
52800 3 2000 203 0 0 1795 2 
52800 4 2000 96 0 0 1903 1 
52800 5 2000 234 0 0 1758 8 
52800 6 2000 513 8 0 1465 14 
54000 0 2000 1182 42 0 715 61 
54000 1 2000 41 0 0 1959 0 
54000 2 2000 210 2 0 1788 0 
54000 3 2000 184 0 0 1813 3 
54000 4 2000 95 0 0 1905 0 
54000 5 2000 224 0 0 1776 0 
54000 6 2000 521 5 0 1472 2 
55200 0 2000 1212 48 0 716 24 
55200 1 2000 42 0 0 1958 0 
55200 2 2000 207 2 0 1785 6 
55200 3 2000 199 1 0 1797 3 
55200 4 2000 83 0 0 1917 0 
55200 5 2000 212 1 0 1787 0 
55200 6 2000 513 7 0 1474 6 
56400 0 2000 1196 32 0 748 24 
56400 1 2000 42 0 0 1958 0 
56400 2 2000 196 2 0 1802 0 
56400 3 2000 190 0 0 1808 2 
56400 4 2000 91 0 0 1909 0 
56400 5 2000 219 1 0 1778 2 
56400 6 2000 514 7 0 1463 16 
57600 0 2000 1203 29 0 728 39 
57600 1 2000 43 0 0 1954 3 
57600 2 2000 201 2 0 1796 1 
57600 3 2000 193 1 0 1805 1 
57600 4 2000 80 0 0 1920 0 
57600 5 2000 214 0 0 1785 0 
57600 6 2000 500 13 0 1482 4 
58800 0 2000 1178 36 0 762 23 
58800 1 2000 41 0 0 1959 0 
58800 2 2000 207 2 0 1789 2 
58800 3 2000 195 1 0 1803 1 
58800 4 2000 83 0 0 1916 1 
58800 5 2000 214 1 0 1783 1 
58800 6 2000 495 5 0 1479 20 
60000 0 2000 1220 39 0 710 31 
60000 1 2000 35 0 0 1964 1 
60000 2 2000 211 2 0 1786 1 
60000 3 2000 179 0 0 1821 0 
60000 4 2000 83 0 0 1916 1 
60000 5 2000 227 0 0 1771 2 
60000 6 2000 498 6 0 1493 3 
61200 0 2000 1212 27 0 720 41 
61200 1 2000 44 0 0 1956 0 
61200 2 2000 196 0 0 1794 10 
61200 3 2000 186 1 0 1813 0 
61200 4 2000 84 2 0 1914 0 
61200 5 2000 215 0 0 1783 2 
61200 6 2000 514 5 0 1475 6 
62400 0 2000 1217 35 0 720 27 
62400 1 2000 38 1 0 1961 0 
62400 2 2000 211 2 0 1786 1 
62400 3 2000 192 0 0 1808 0 
62400 4 2000 77 0 0 1920 3 
62400 5 2000 216 1 0 1774 8 
62400 6 2000 504 4 0 1478 13 
63600 0 2000 1206 32 0 735 27 
63600 1 2000 42 0 0 1958 0 
63600 2 2000 194 3 0 1793 10 
63600 3 2000 184 0 0 1807 9 
63600 4 2000 82 1 0 1917 0 
63600 5 2000 206 2 0 1792 0 
63600 6 2000 509 7 0 1483 1 
64800 0 2000 1169 43 0 729 59 
64800 1 2000 37 0 0 1963 0 
64800 2 2000 193 1 0 1800 6 
64800 3 2000 190 1 0 1804 5 
64800 4 2000 92 0 0 1908 0 
64800 5 2000 197 0 0 1803 0 
64800 6 2000 505 9 0 1478 8 
66000 0 2000 1200 34 0 720 46 
66000 1 2000 35 0 0 1963 2 
66000 2 2000 194 3 0 1801 2 
66000 3 2000 182 0 0 1817 1 
66000 4 2000 79 0 0 1919 2 
66000 5 2000 218 1 0 1779 2 
66000 6 2000 471 4 0 1515 10 
67200 0 2000 1201 35 0 723 41 
67200 1 2000 40 0 0 1960 0 
67200 2 2000 186 1 0 1813 0 
67200 3 2000 181 1 0 1815 3 
67200 4 2000 85 0 0 1915 0 
67200 5 2000 220 1 0 1778 1 
67200 6 2000 475 9 0 1507 9 
68400 0 2000 1195 38 0 734 33 
68400 1 2000 32 0 0 1968 0 
68400 2 2000 189 4 0 1807 0 
68400 3 2000 186 0 0 1812 2 
68400 4 2000 76 0 0 1924 0 
68400 5 2000 218 0 0 1782 0 
68400 6 2000 474 4 0 1518 4 
69600 0 2000 1211 34 0 722 33 
69600 1 2000 40 0 0 1960 0 
69600 2 2000 178 2 0 1815 5 
69600 3 2000 181 0 0 1819 0 
69600 4 2000 86 0 0 1912 2 
69600 5 2000 203 0 0 1796 1 
69600 6 2000 483 2 0 1498 17 
70800 0 2000 1175 32 0 759 34 
70800 1 2000 39 0 0 1961 0 
70800 2 2000 190 3 0 1806 1 
70800 3 2000 184 0 0 1813 3 
70800 4 2000 85 0 0 1914 1 
70800 5 2000 216 0 0 1784 0 
70800 6 2000 486 4 0 1507 3 
72000 0 2000 1183 34 0 743 40 
72000 1 2000 38 0 0 1962 0 
72000 2 2000 202 2 0 1791 5 
72000 3 2000 188 1 0 1811 0 
72000 4 2000 74 1 0 1924 1 
72000 5 2000 219 0 0 1781 0 
72000 6 2000 487 8 0 1504 1 
73200 0 2000 1214 35 0 725 26 
73200 1 2000 35 0 0 1965 0 
73200 2 2000 183 0 0 1816 1 
73200 3 2000 185 1 0 1812 2 
73200 4 2000 75 0 0 1922 3 
73200 5 2000 201 1 0 1798 0 
73200 6 2000 483 3 0 1513 1 
74400 0 2000 1199 29 0 749 23 
74400 1 2000 37 0 0 1963 0 
74400 2 2000 193 0 0 1804 3 
74400 3 2000 185 1 0 1813 1 
74400 4 2000 83 0 0 1917 0 
74400 5 2000 208 0 0 1792 0 
74400 6 2000 478 5 0 1513 4 
75600 0 2000 1190 30 0 748 32 
75600 1 2000 37 0 0 1963 0 
75600 2 2000 173 0 0 1827 0 
75600 3 2000 165 1 0 1832 2 
75600 4 2000 78 0 0 1921 1 
75600 5 2000 198 1 0 1797 4 
75600 6 2000 490 7 0 1501 2 
76800 0 2000 1188 30 0 737 45 
76800 1 2000 41 0 0 1959 0 
76800 2 2000 183 1 0 1815 1 
76800 3 2000 182 0 0 1818 0 
76800 4 2000 80 0 0 1920 0 
76800 5 2000 210 1 0 1784 5 
76800 6 2000 475 6 0 1515 4 
78000 0 2000 1194 30 0 752 24 
78000 1 2000 40 0 0 1960 0 
78000 2 2000 187 2 0 1808 3 
78000 3 2000 161 0 0 1839 0 
78000 4 2000 77 0 0 1923 0 
78000 5 2000 206 1 0 1788 5 
78000 6 2000 475 8 0 1509 8 
79200 0 2000 1177 34 0 766 23 
79200 1 2000 32 0 0 1967 1 
79200 2 2000 186 0 0 1809 5 
79200 3 2000 176 1 0 1823 0 
79200 4 2000 76 0 0 1924 0 
79200 5 2000 201 0 0 1796 3 
79200 6 2000 463 8 0 1514 15 
80400 0 2000 1196 33 0 739 32 
80400 1 2000 39 0 0 1961 0 
80400 2 2000 189 1 0 1808 2 
80400 3 2000 183 1 0 1816 0 
80400 4 2000 75 0 0 1925 0 
80400 5 2000 200 2 0 1797 1 
80400 6 2000 464 5 0 1529 2 
81600 0 2000 1182 44 0 748 26 
81600 1 2000 39 0 0 1961 0 
81600 2 2000 175 5 0 1816 4 
81600 3 2000 167 1 0 1830 2 
81600 4 2000 76 0 0 1922 2 
81600 5 2000 201 0 0 1798 1 
81600 6 2000 490 6 0 1495 9 
82800 0 2000 1208 31 0 731 30 
82800 1 2000 35 0 0 1965 0 
82800 2 2000 181 2 0 1815 2 
82800 3 2000 170 2 0 1826 2 
82800 4 2000 80 0 0 1920 0 
82800 5 2000 201 0 0 1799 0 
82800 6 2000 456 9 0 1523 12 
84000 0 2000 1174 36 0 765 25 
84000 1 2000 34 0 0 1966 0 
84000 2 2000 179 0 0 1821 0 
84000 3 2000 179 2 0 1819 0 
84000 4 2000 70 0 0 1930 0 
84000 5 2000 197 0 0 1790 13 
84000 6 2000 457 1 0 1539 3 
85200 0 2000 1173 24 0 752 51 
85200 1 2000 32 0 0 1967 1 
85200 2 2000 176 0 0 1822 2 
85200 3 2000 165 1 0 1832 2 
85200 4 2000 77 0 0 1923 0 
85200 5 2000 197 0 0 1801 2 
85200 6 2000 476 3 0 1517 4 
86400 0 2000 1190 35 0 747 28 
86400 1 2000 34 0 0 1966 0 
86400 2 2000 174 2 0 1823 1 
86400 3 2000 172 0 0 1826 2 
86400 4 2000 71 0 0 1926 3 
86400 5 2000 206 0 0 1793 1 
86400 6 2000 455 3 0 1537 5 
87600 0 2000 1204 25 0 753 18 
87600 1 2000 34 0 0 1965 1 
87600 2 2000 174 0 0 1826 0 
87600 3 2000 177 0 0 1823 0 
87600 4 2000 73 0 0 1927 0 
87600 5 2000 187 0 0 1813 0 
87600 6 2000 479 1 0 1514 6 
88800 0 2000 1183 24 0 761 32 
88800 1 2000 34 0 0 1966 0 
88800 2 2000 176 2 0 1821 1 
88800 3 2000 179 1 0 1814 6 
88800 4 2000 78 0 0 1921 1 
88800 5 2000 193 0 0 1807 0 
88800 6 2000 462 12 0 1526 0 
90000 0 2000 1153 40 0 781 26 
90000 1 2000 27 0 0 1973 0 
90000 2 2000 163 0 0 1835 2 
90000 3 2000 165 1 0 1832 2 
90000 4 2000 77 0 0 1923 0 
90000 5 2000 191 0 0 1809 0 
90000 6 2000 477 9 0 1510 4 
91200 0 2000 1184 22 0 771 23 
91200 1 2000 29 0 0 1970 1 
91200 2 2000 181 1 0 1818 0 
91200 3 2000 166 0 0 1834 0 
91200 4 2000 70 0 0 1930 0 
91200 5 2000 193 1 0 1805 1 
91200 6 2000 455 3 0 1537 5 
92400 0 2000 1192 28 0 751 29 
92400 1 2000 35 0 0 1965 0 
92400 2 2000 174 1 0 1823 2 
92400 3 2000 157 2 0 1840 1 
92400 4 2000 69 0 0 1931 0 
92400 5 2000 187 0 0 1813 0 
92400 6 2000 464 4 0 1529 3 
93600 0 2000 1188 26 0 743 43 
93600 1 2000 35 0 0 1965 0 
93600 2 2000 177 0 0 1822 1 
93600 3 2000 161 1 0 1836 2 
93600 4 2000 75 0 0 1924 1 
93600 5 2000 188 0 0 1807 5 
93600 6 2000 447 3 0 1544 6 
94800 0 2000 1180 25 0 778 17 
94800 1 2000 35 0 0 1965 0 
94800 2 2000 172 0 0 1828 0 
94800 3 2000 181 0 0 1818 1 
94800 4 2000 71 0 0 1929 0 
94800 5 2000 198 0 0 1798 4 
94800 6 2000 472 7 0 1516 5 
96000 0 2000 1166 32 0 769 33 
96000 1 2000 33 0 0 1967 0 
96000 2 2000 173 1 0 1825 1 
96000 3 2000 169 1 0 1830 0 
96000 4 2000 81 0 0 1919 0 
96000 5 2000 195 0 0 1804 1 
96000 6 2000 461 4 0 1533 2 
97200 0 2000 1191 28 0 757 24 
97200 1 2000 34 0 0 1966 0 
97200 2 2000 170 0 0 1829 1 
97200 3 2000 164 0 0 1834 2 
97200 4 2000 64 0 0 1936 0 
97200 5 2000 192 0 0 1808 0 
97200 6 2000 469 6 0 1515 10 
98400 0 2000 1189 29 0 744 38 
98400 1 2000 38 0 0 1962 0 
98400 2 2000 178 0 0 1815 7 
98400 3 2000 175 2 0 1822 1 
98400 4 2000 76 0 0 1924 0 
98400 5 2000 200 0 0 1799 1 
98400 6 2000 477 5 0 1510 8 
99600 0 2000 1177 25 0 777 21 
99600 1 2000 36 0 0 1964 0 
99600 2 2000 174 0 0 1825 1 
99600 3 2000 173 0 0 1827 0 
99600 4 2000 73 0 0 1927 0 
99600 5 2000 195 0 0 1804 1 
99600 6 2000 453 3 0 1542 2 
100800 0 2000 1190 35 0 750 25 
100800 1 2000 33 0 0 1967 0 
100800 2 2000 182 1 0 1811 6 
100800 3 2000 164 0 0 1835 1 
100800 4 2000 73 0 0 1926 1 
100800 5 2000 197 0 0 1803 0 
100800 6 2000 466 6 0 1527 1 
102000 0 2000 1177 30 0 775 18 
102000 1 2000 32 0 0 1968 0 
102000 2 2000 160 1 0 1838 1 
102000 3 2000 172 0 0 1827 1 
102000 4 2000 70 2 0 1928 0 
102000 5 2000 198 0 0 1801 1 
102000 6 2000 458 5 0 1534 3 
103200 0 2000 1168 23 0 786 23 
103200 1 2000 41 0 0 1958 1 
103200 2 2000 172 0 0 1828 0 
103200 3 2000 166 0 0 1834 0 
103200 4 2000 65 0 0 1934 1 
103200 5 2000 196 1 0 1801 2 
103200 6 2000 439 7 0 1548 6 
104400 0 2000 1165 36 0 772 27 
104400 1 2000 30 0 0 1970 0 
104400 2 2000 174 0 0 1824 2 
104400 3 2000 181 0 0 1817 2 
104400 4 2000 75 0 0 1924 1 
104400 5 2000 192 1 0 1805 2 
104400 6 2000 451 6 0 1536 7 
105600 0 2000 1173 21 0 763 43 
105600 1 2000 35 0 0 1965 0 
105600 2 2000 162 0 0 1837 1 
105600 3 2000 166 0 0 1832 2 
105600 4 2000 70 0 0 1929 1 
105600 5 2000 193 0 0 1798 9 
105600 6 2000 450 6 0 1536 8 
106800 0 2000 1197 20 0 766 17 
106800 1 2000 32 0 0 1968 0 
106800 2 2000 174 0 0 1826 0 
106800 3 2000 172 0 0 1827 1 
106800 4 2000 66 0 0 1934 0 
106800 5 2000 190 0 0 1809 1 
106800 6 2000 459 1 0 1537 3 
108000 0 2000 1167 26 0 776 31 
108000 1 2000 31 0 0 1969 0 
108000 2 2000 188 0 0 1810 2 
108000 3 2000 160 1 0 1839 0 
108000 4 2000 69 0 0 1931 0 
108000 5 2000 185 1 0 1811 3 
108000 6 2000 460 6 0 1533 1 
109200 0 2000 1174 33 0 762 31 
109200 1 2000 31 0 0 1969 0 
109200 2 2000 167 1 0 1831 1 
109200 3 2000 171 1 0 1828 0 
109200 4 2000 68 0 0 1931 1 
109200 5 2000 193 0 0 1806 1 
109200 6 2000 450 6 0 1536 8 
110400 0 2000 1152 35 0 767 46 
110400 1 2000 35 0 0 1965 0 
110400 2 2000 167 1 0 1831 1 
110400 3 2000 162 1 0 1836 1 
110400 4 2000 67 0 0 1933 0 
110400 5 2000 186 1 0 1812 1 
110400 6 2000 438 8 0 1547 7 
111600 0 2000 1167 21 0 785 27 
111600 1 2000 35 0 0 1965 0 
111600 2 2000 166 0 0 1824 10 
111600 3 2000 162 1 0 1837 0 
111600 4 2000 72 0 0 1927 1 
111600 5 2000 194 0 0 1806 0 
111600 6 2000 461 6 0 1524 9 
112800 0 2000 1176 28 0 773 23 
112800 1 2000 35 0 0 1964 1 
112800 2 2000 162 1 0 1836 1 
112800 3 2000 167 0 0 1833 0 
112800 4 2000 68 0 0 1932 0 
112800 5 2000 198 0 0 1802 0 
112800 6 2000 446 7 0 1544 3 
114000 0 2000 1176 23 0 776 25 
114000 1 2000 33 0 0 1967 0 
114000 2 2000 153 1 0 1842 4 
114000 3 2000 164 0 0 1835 1 
114000 4 2000 74 0 0 1923 3 
114000 5 2000 185 1 0 1814 0 
114000 6 2000 439 9 0 1550 2 
115200 0 2000 1168 29 0 774 29 
115200 1 2000 35 0 0 1964 1 
115200 2 2000 168 2 0 1828 2 
115200 3 2000 168 0 0 1831 1 
115200 4 2000 66 1 0 1932 1 
115200 5 2000 187 1 0 1811 1 
115200 6 2000 463 2 0 1529 6 
116400 0 2000 1212 22 0 746 20 
116400 1 2000 36 0 0 1964 0 
116400 2 2000 168 1 0 1829 2 
116400 3 2000 164 0 0 1836 0 
116400 4 2000 65 0 0 1935 0 
116400 5 2000 187 0 0 1810 3 
116400 6 2000 454 3 0 1536 7 
117600 0 2000 1174 29 0 770 27 
117600 1 2000 30 0 0 1970 0 
117600 2 2000 159 0 0 1839 2 
117600 3 2000 160 0 0 1840 0 
117600 4 2000 70 1 0 1929 0 
117600 5 2000 185 0 0 1814 1 
117600 6 2000 444 3 0 1536 17 
118800 0 2000 1170 27 0 783 20 
118800 1 2000 36 0 0 1964 0 
118800 2 2000 171 0 0 1829 0 
118800 3 2000 161 0 0 1839 0 
118800 4 2000 71 0 0 1928 1 
118800 5 2000 192 0 0 1808 0 
118800 6 2000 430 8 0 1555 7 
