0 0 0 0 0 0 0 0 
0 1 0 0 0 0 0 0 
0 2 0 0 0 0 0 0 
0 3 0 0 0 0 0 0 
0 4 0 0 0 0 0 0 
0 5 0 0 0 0 0 0 
0 6 0 0 0 0 0 0 
1200 0 2000 1221 96 0 680 0 
1200 1 2000 246 5 0 1748 0 
1200 2 2000 116 2 0 1882 0 
1200 3 2000 347 3 0 1649 0 
1200 4 2000 140 1 0 1857 0 
1200 5 2000 503 16 0 1479 0 
1200 6 2000 278 7 0 1714 0 
2400 0 2000 1230 82 0 686 0 
2400 1 2000 250 4 0 1746 0 
2400 2 2000 134 0 0 1866 0 
2400 3 2000 369 7 0 1622 0 
2400 4 2000 143 2 0 1853 0 
2400 5 2000 517 15 0 1467 0 
2400 6 2000 277 4 0 1719 0 
3600 0 2000 1243 77 0 678 0 
3600 1 2000 239 6 0 1755 0 
3600 2 2000 126 2 0 1872 0 
3600 3 2000 380 10 0 1609 0 
3600 4 2000 140 2 0 1857 0 
3600 5 2000 500 15 0 1484 0 
3600 6 2000 271 4 0 1725 0 
4800 0 2000 1215 88 0 697 0 
4800 1 2000 255 4 0 1741 0 
4800 2 2000 121 0 0 1879 0 
4800 3 2000 363 13 0 1624 0 
4800 4 2000 139 1 0 1860 0 
4800 5 2000 504 17 0 1479 0 
4800 6 2000 265 4 0 1731 0 
6000 0 2000 1240 85 0 675 0 
6000 1 2000 246 3 0 1751 0 
6000 2 2000 126 2 0 1872 0 
6000 3 2000 365 12 0 1623 0 
6000 4 2000 137 2 0 1861 0 
6000 5 2000 500 12 0 1488 0 
6000 6 2000 270 1 0 1729 0 
7200 0 2000 1232 89 0 678 0 
7200 1 2000 243 6 0 1750 0 
7200 2 2000 124 2 0 1874 0 
7200 3 2000 366 8 0 1626 0 
7200 4 2000 146 2 0 1852 0 
7200 5 2000 509 21 0 1470 0 
7200 6 2000 277 3 0 1719 0 
8400 0 2000 1211 95 0 693 0 
8400 1 2000 253 8 0 1739 0 
8400 2 2000 127 1 0 1872 0 
8400 3 2000 349 10 0 1640 0 
8400 4 2000 135 1 0 1863 0 
8400 5 2000 505 12 0 1482 0 
8400 6 2000 269 7 0 1724 0 
9600 0 2000 1200 86 0 713 0 
9600 1 2000 234 4 0 1762 0 
9600 2 2000 128 1 0 1871 0 
9600 3 2000 337 8 0 1655 0 
9600 4 2000 151 0 0 1849 0 
9600 5 2000 521 21 0 1458 0 
9600 6 2000 266 2 0 1732 0 
10800 0 2000 1186 114 0 698 0 
10800 1 2000 256 5 0 1738 0 
10800 2 2000 128 2 0 1870 0 
10800 3 2000 352 17 0 1631 0 
10800 4 2000 136 3 0 1860 0 
10800 5 2000 504 19 0 1476 0 
10800 6 2000 266 5 0 1728 0 
12000 0 2000 1211 95 0 693 0 
12000 1 2000 250 6 0 1744 0 
12000 2 2000 118 1 0 1881 0 
12000 3 2000 378 8 0 1614 0 
12000 4 2000 135 4 0 1860 0 
12000 5 2000 487 20 0 1493 0 
12000 6 2000 257 6 0 1737 0 
13200 0 2000 1216 87 0 696 0 
13200 1 2000 240 4 0 1756 0 
13200 2 2000 127 2 0 1871 0 
13200 3 2000 356 6 0 1638 0 
13200 4 2000 146 1 0 1853 0 
13200 5 2000 505 13 0 1482 0 
13200 6 2000 253 6 0 1741 0 
14400 0 2000 1213 83 0 703 0 
14400 1 2000 237 4 0 1758 0 
14400 2 2000 127 2 0 1871 0 
14400 3 2000 334 8 0 1658 0 
14400 4 2000 134 1 0 1865 0 
14400 5 2000 489 9 0 1502 0 
14400 6 2000 262 5 0 1732 0 
15600 0 2000 1221 90 0 688 0 
15600 1 2000 249 3 0 1747 0 
15600 2 2000 114 2 0 1884 0 
15600 3 2000 351 6 0 1643 0 
15600 4 2000 134 1 0 1865 0 
15600 5 2000 499 11 0 1490 0 
15600 6 2000 264 1 0 1734 0 
16800 0 2000 1227 95 0 678 0 
16800 1 2000 244 4 0 1752 0 
16800 2 2000 130 1 0 1869 0 
16800 3 2000 378 8 0 1614 0 
16800 4 2000 137 4 0 1859 0 
16800 5 2000 527 13 0 1460 0 
16800 6 2000 272 4 0 1724 0 
18000 0 2000 1192 88 0 665 53 
18000 1 2000 249 8 0 1737 5 
18000 2 2000 123 0 0 1875 2 
18000 3 2000 342 9 0 1634 14 
18000 4 2000 129 0 0 1869 1 
18000 5 2000 491 12 0 1485 11 
18000 6 2000 277 1 0 1716 5 
19200 0 2000 1168 85 0 685 60 
19200 1 2000 237 5 0 1751 6 
19200 2 2000 118 0 0 1879 3 
19200 3 2000 341 7 0 1647 5 
19200 4 2000 124 0 0 1874 1 
19200 5 2000 482 14 0 1491 13 
19200 6 2000 267 3 0 1724 5 
20400 0 2000 1167 84 0 681 67 
20400 1 2000 237 4 0 1751 8 
20400 2 2000 128 0 0 1872 0 
20400 3 2000 343 10 0 1621 26 
20400 4 2000 125 2 0 1867 6 
20400 5 2000 482 13 0 1489 16 
20400 6 2000 262 4 0 1725 9 
21600 0 2000 1173 80 0 697 50 
21600 1 2000 223 3 0 1763 11 
21600 2 2000 103 2 0 1895 0 
21600 3 2000 339 7 0 1638 16 
21600 4 2000 126 0 0 1872 2 
21600 5 2000 481 14 0 1500 5 
21600 6 2000 262 3 0 1725 10 
22800 0 2000 1171 86 0 689 54 
22800 1 2000 219 3 0 1774 4 
22800 2 2000 107 1 0 1885 7 
22800 3 2000 342 8 0 1643 7 
22800 4 2000 128 1 0 1870 1 
22800 5 2000 474 14 0 1503 9 
22800 6 2000 257 3 0 1731 9 
24000 0 2000 1183 67 0 700 49 
24000 1 2000 210 4 0 1785 1 
24000 2 2000 120 3 0 1872 5 
24000 3 2000 342 3 0 1643 12 
24000 4 2000 127 2 0 1870 1 
24000 5 2000 469 14 0 1507 10 
24000 6 2000 235 2 0 1752 11 
25200 0 2000 1187 90 0 683 39 
25200 1 2000 218 4 0 1777 1 
25200 2 2000 108 0 0 1892 0 
25200 3 2000 336 5 0 1651 8 
25200 4 2000 127 2 0 1870 1 
25200 5 2000 456 17 0 1514 13 
25200 6 2000 243 5 0 1751 1 
26400 0 2000 1198 71 0 688 41 
26400 1 2000 221 2 0 1776 0 
26400 2 2000 106 1 0 1891 2 
26400 3 2000 328 6 0 1664 1 
26400 4 2000 129 1 0 1866 4 
26400 5 2000 461 11 0 1509 18 
26400 6 2000 246 1 0 1749 3 
27600 0 2000 1169 71 0 714 46 
27600 1 2000 225 3 0 1769 3 
27600 2 2000 119 1 0 1876 4 
27600 3 2000 322 5 0 1668 5 
27600 4 2000 114 0 0 1886 0 
27600 5 2000 472 8 0 1498 22 
27600 6 2000 239 0 0 1756 5 
28800 0 2000 1203 61 0 692 43 
28800 1 2000 210 4 0 1785 1 
28800 2 2000 123 0 0 1875 2 
28800 3 2000 317 6 0 1668 9 
28800 4 2000 121 1 0 1875 3 
28800 5 2000 457 8 0 1516 19 
28800 6 2000 237 2 0 1759 2 
30000 0 2000 1182 73 0 679 65 
30000 1 2000 220 1 0 1764 15 
30000 2 2000 118 1 0 1881 0 
30000 3 2000 325 1 0 1666 8 
30000 4 2000 127 1 0 1872 0 
30000 5 2000 456 10 0 1524 9 
30000 6 2000 248 3 0 1744 5 
31200 0 2000 1168 67 0 711 53 
31200 1 2000 201 2 0 1797 0 
31200 2 2000 105 1 0 1894 0 
31200 3 2000 319 1 0 1679 1 
31200 4 2000 112 1 0 1885 1 
31200 5 2000 451 6 0 1534 9 
31200 6 2000 230 1 0 1769 0 
32400 0 2000 1169 52 0 719 58 
32400 1 2000 198 3 0 1798 1 
32400 2 2000 116 2 0 1880 2 
32400 3 2000 301 2 0 1691 6 
32400 4 2000 109 1 0 1889 0 
32400 5 2000 443 2 0 1551 4 
32400 6 2000 229 0 0 1766 4 
33600 0 2000 1191 61 0 706 42 
33600 1 2000 201 1 0 1787 11 
33600 2 2000 87 1 0 1912 0 
33600 3 2000 313 5 0 1676 6 
33600 4 2000 111 0 0 1889 0 
33600 5 2000 420 11 0 1561 8 
33600 6 2000 230 1 0 1767 2 
34800 0 2000 1158 60 0 733 48 
34800 1 2000 202 1 0 1790 6 
34800 2 2000 99 0 0 1899 2 
34800 3 2000 294 0 0 1703 3 
34800 4 2000 119 0 0 1878 3 
34800 5 2000 440 5 0 1551 3 
34800 6 2000 226 0 0 1769 4 
36000 0 2000 1196 64 0 703 35 
36000 1 2000 210 0 0 1789 0 
36000 2 2000 96 2 0 1895 7 
36000 3 2000 322 4 0 1665 9 
36000 4 2000 115 0 0 1884 0 
36000 5 2000 421 5 0 1565 9 
36000 6 2000 235 2 0 1752 10 
37200 0 2000 1208 43 0 701 46 
37200 1 2000 178 0 0 1821 0 
37200 2 2000 97 0 0 1902 1 
37200 3 2000 311 5 0 1682 2 
37200 4 2000 104 0 0 1896 0 
37200 5 2000 425 9 0 1560 6 
37200 6 2000 232 1 0 1763 3 
38400 0 2000 1192 59 0 688 59 
38400 1 2000 193 0 0 1806 1 
38400 2 2000 99 0 0 1901 0 
38400 3 2000 282 2 0 1715 1 
38400 4 2000 117 1 0 1882 0 
38400 5 2000 423 9 0 1553 15 
38400 6 2000 223 2 0 1762 12 
39600 0 2000 1170 62 0 724 42 
39600 1 2000 187 1 0 1811 1 
39600 2 2000 104 0 0 1888 8 
39600 3 2000 296 4 0 1696 4 
39600 4 2000 115 0 0 1882 2 
39600 5 2000 410 5 0 1576 9 
39600 6 2000 222 2 0 1766 9 
40800 0 2000 1183 50 0 724 43 
40800 1 2000 173 4 0 1820 3 
40800 2 2000 96 0 0 1902 2 
40800 3 2000 284 1 0 1710 5 
40800 4 2000 103 0 0 1897 0 
40800 5 2000 410 10 0 1565 15 
40800 6 2000 214 1 0 1785 0 
42000 0 2000 1169 45 0 714 72 
42000 1 2000 182 1 0 1817 0 
42000 2 2000 97 0 0 1901 2 
42000 3 2000 285 3 0 1705 7 
42000 4 2000 108 2 0 1889 1 
42000 5 2000 398 3 0 1569 30 
42000 6 2000 207 2 0 1790 1 
43200 0 2000 1182 44 0 715 57 
43200 1 2000 186 1 0 1810 2 
43200 2 2000 93 0 0 1903 4 
43200 3 2000 275 4 0 1716 5 
43200 4 2000 99 2 0 1898 0 
43200 5 2000 401 4 0 1591 4 
43200 6 2000 215 0 0 1780 4 
44400 0 2000 1176 48 0 735 41 
44400 1 2000 161 1 0 1830 8 
44400 2 2000 90 0 0 1909 1 
44400 3 2000 284 2 0 1704 10 
44400 4 2000 100 1 0 1899 0 
44400 5 2000 378 2 0 1609 11 
44400 6 2000 212 1 0 1785 2 
45600 0 2000 1167 44 0 730 58 
45600 1 2000 181 2 0 1814 2 
45600 2 2000 93 0 0 1905 2 
45600 3 2000 289 3 0 1703 5 
45600 4 2000 101 0 0 1899 0 
45600 5 2000 386 2 0 1603 8 
45600 6 2000 211 0 0 1784 4 
46800 0 2000 1163 45 0 742 49 
46800 1 2000 174 0 0 1820 6 
46800 2 2000 94 0 0 1905 1 
46800 3 2000 274 0 0 1722 4 
46800 4 2000 96 0 0 1901 2 
46800 5 2000 392 2 0 1588 17 
46800 6 2000 207 0 0 1788 5 
48000 0 2000 1181 41 0 735 43 
48000 1 2000 178 2 0 1816 4 
48000 2 2000 89 0 0 1909 2 
48000 3 2000 287 1 0 1703 9 
48000 4 2000 88 1 0 1911 0 
48000 5 2000 385 4 0 1599 12 
48000 6 2000 214 0 0 1784 2 
49200 0 2000 1164 36 0 769 30 
49200 1 2000 181 0 0 1819 0 
49200 2 2000 97 0 0 1898 5 
49200 3 2000 271 4 0 1719 6 
49200 4 2000 90 2 0 1907 1 
49200 5 2000 393 5 0 1602 0 
49200 6 2000 194 0 0 1802 4 
50400 0 2000 1169 31 0 740 60 
50400 1 2000 166 0 0 1834 0 
50400 2 2000 95 0 0 1899 6 
50400 3 2000 277 1 0 1718 4 
50400 4 2000 89 3 0 1905 3 
50400 5 2000 377 4 0 1607 12 
50400 6 2000 199 1 0 1796 4 
51600 0 2000 1156 47 0 750 47 
51600 1 2000 177 0 0 1823 0 
51600 2 2000 82 0 0 1918 0 
51600 3 2000 266 1 0 1726 7 
51600 4 2000 99 1 0 1896 4 
51600 5 2000 374 2 0 1610 14 
51600 6 2000 199 0 0 1799 2 
52800 0 2000 1163 43 0 744 49 
52800 1 2000 161 1 0 1831 7 
52800 2 2000 87 0 0 1913 0 
52800 3 2000 255 2 0 1738 4 
52800 4 2000 99 0 0 1898 2 
52800 5 2000 365 4 0 1629 2 
52800 6 2000 185 1 0 1814 0 
54000 0 2000 1158 50 0 741 51 
54000 1 2000 172 2 0 1822 4 
54000 2 2000 96 0 0 1897 7 
54000 3 2000 257 3 0 1739 1 
54000 4 2000 103 1 0 1894 2 
54000 5 2000 382 3 0 1603 12 
54000 6 2000 202 3 0 1789 6 
55200 0 2000 1165 50 0 750 35 
55200 1 2000 157 0 0 1842 1 
55200 2 2000 86 0 0 1914 0 
55200 3 2000 262 1 0 1732 5 
55200 4 2000 89 0 0 1911 0 
55200 5 2000 379 3 0 1618 0 
55200 6 2000 195 2 0 1801 2 
56400 0 2000 1186 37 0 746 31 
56400 1 2000 159 0 0 1839 2 
56400 2 2000 83 1 0 1915 1 
56400 3 2000 262 1 0 1736 1 
56400 4 2000 91 0 0 1909 0 
56400 5 2000 362 3 0 1626 9 
56400 6 2000 198 1 0 1801 0 
57600 0 2000 1180 30 0 748 42 
57600 1 2000 157 1 0 1838 4 
57600 2 2000 89 0 0 1909 2 
57600 3 2000 269 2 0 1725 4 
57600 4 2000 95 0 0 1904 1 
57600 5 2000 367 3 0 1628 2 
57600 6 2000 196 2 0 1799 3 
58800 0 2000 1188 33 0 742 36 
58800 1 2000 168 1 0 1828 3 
58800 2 2000 97 0 0 1901 2 
58800 3 2000 254 0 0 1743 3 
58800 4 2000 99 0 0 1896 4 
58800 5 2000 355 3 0 1626 16 
58800 6 2000 185 0 0 1815 0 
60000 0 2000 1193 32 0 745 29 
60000 1 2000 159 0 0 1841 0 
60000 2 2000 85 0 0 1915 0 
60000 3 2000 259 4 0 1735 2 
60000 4 2000 94 0 0 1901 4 
60000 5 2000 359 3 0 1637 1 
60000 6 2000 183 0 0 1815 2 
61200 0 2000 1191 25 0 739 44 
61200 1 2000 156 0 0 1843 1 
61200 2 2000 84 0 0 1916 0 
61200 3 2000 246 1 0 1752 1 
61200 4 2000 90 0 0 1909 0 
61200 5 2000 360 1 0 1629 10 
61200 6 2000 189 0 0 1809 2 
62400 0 2000 1174 31 0 745 49 
62400 1 2000 149 1 0 1850 0 
62400 2 2000 82 0 0 1915 3 
62400 3 2000 252 1 0 1740 7 
62400 4 2000 95 0 0 1903 2 
62400 5 2000 348 3 0 1645 4 
62400 6 2000 187 1 0 1808 4 
63600 0 2000 1177 30 0 758 34 
63600 1 2000 150 0 0 1849 1 
63600 2 2000 76 0 0 1923 1 
63600 3 2000 239 0 0 1756 5 
63600 4 2000 91 0 0 1907 1 
63600 5 2000 363 1 0 1633 3 
63600 6 2000 189 0 0 1810 1 
64800 0 2000 1169 27 0 749 54 
64800 1 2000 154 1 0 1843 2 
64800 2 2000 89 0 0 1910 1 
64800 3 2000 255 1 0 1740 4 
64800 4 2000 81 1 0 1916 2 
64800 5 2000 343 5 0 1652 0 
64800 6 2000 178 2 0 1819 1 
66000 0 2000 1167 31 0 768 34 
66000 1 2000 150 1 0 1849 0 
66000 2 2000 80 0 0 1918 2 
66000 3 2000 268 1 0 1727 4 
66000 4 2000 92 1 0 1907 0 
66000 5 2000 336 3 0 1648 13 
66000 6 2000 196 2 0 1801 1 
67200 0 2000 1160 29 0 753 57 
67200 1 2000 154 0 0 1846 0 
67200 2 2000 74 0 0 1925 1 
67200 3 2000 236 0 0 1756 7 
67200 4 2000 85 0 0 1914 0 
67200 5 2000 335 2 0 1657 6 
67200 6 2000 176 2 0 1817 5 
68400 0 2000 1155 29 0 774 41 
68400 1 2000 152 1 0 1847 0 
68400 2 2000 78 0 0 1921 1 
68400 3 2000 245 4 0 1751 0 
68400 4 2000 101 0 0 1899 0 
68400 5 2000 347 1 0 1646 6 
68400 6 2000 183 1 0 1814 2 
69600 0 2000 1173 26 0 770 31 
69600 1 2000 137 0 0 1860 3 
69600 2 2000 77 0 0 1923 0 
69600 3 2000 238 1 0 1753 8 
69600 4 2000 85 1 0 1909 5 
69600 5 2000 335 2 0 1651 12 
69600 6 2000 179 0 0 1819 2 
70800 0 2000 1167 36 0 766 31 
70800 1 2000 146 0 0 1853 1 
70800 2 2000 78 0 0 1920 2 
70800 3 2000 244 2 0 1749 5 
70800 4 2000 93 0 0 1907 0 
70800 5 2000 350 2 0 1646 2 
70800 6 2000 172 0 0 1824 4 
72000 0 2000 1162 31 0 767 40 
72000 1 2000 145 0 0 1854 1 
72000 2 2000 79 0 0 1921 0 
72000 3 2000 235 2 0 1759 4 
72000 4 2000 80 0 0 1919 1 
72000 5 2000 324 2 0 1668 6 
72000 6 2000 177 1 0 1822 0 
73200 0 2000 1170 33 0 763 34 
73200 1 2000 156 0 0 1842 2 
73200 2 2000 85 1 0 1914 0 
73200 3 2000 242 1 0 1755 2 
73200 4 2000 85 0 0 1915 0 
73200 5 2000 339 3 0 1654 4 
73200 6 2000 184 1 0 1813 2 
74400 0 2000 1180 25 0 756 39 
74400 1 2000 145 0 0 1854 1 
74400 2 2000 79 0 0 1920 1 
74400 3 2000 226 1 0 1769 4 
74400 4 2000 80 0 0 1920 0 
74400 5 2000 344 3 0 1642 11 
74400 6 2000 172 1 0 1827 0 
75600 0 2000 1159 20 0 793 28 
75600 1 2000 134 0 0 1866 0 
75600 2 2000 73 0 0 1927 0 
75600 3 2000 231 0 0 1766 3 
75600 4 2000 89 1 0 1910 0 
75600 5 2000 331 1 0 1662 6 
75600 6 2000 165 1 0 1834 0 
76800 0 2000 1158 29 0 777 36 
76800 1 2000 142 0 0 1857 1 
76800 2 2000 78 0 0 1922 0 
76800 3 2000 226 3 0 1769 2 
76800 4 2000 85 1 0 1914 0 
76800 5 2000 333 2 0 1664 1 
76800 6 2000 172 0 0 1828 0 
78000 0 2000 1164 28 0 766 42 
78000 1 2000 155 0 0 1844 1 
78000 2 2000 79 0 0 1920 1 
78000 3 2000 216 2 0 1776 6 
78000 4 2000 89 0 0 1911 0 
78000 5 2000 329 3 0 1665 3 
78000 6 2000 165 0 0 1834 1 
79200 0 2000 1164 18 0 790 28 
79200 1 2000 147 0 0 1852 1 
79200 2 2000 74 0 0 1925 1 
79200 3 2000 229 2 0 1764 5 
79200 4 2000 80 1 0 1918 1 
79200 5 2000 327 3 0 1669 1 
79200 6 2000 167 0 0 1832 1 
80400 0 2000 1188 22 0 753 37 
80400 1 2000 142 1 0 1854 3 
80400 2 2000 82 0 0 1916 2 
80400 3 2000 230 1 0 1769 0 
80400 4 2000 79 0 0 1918 3 
80400 5 2000 324 2 0 1672 2 
80400 6 2000 168 0 0 1832 0 
81600 0 2000 1127 33 0 793 47 
81600 1 2000 144 0 0 1853 3 
81600 2 2000 75 0 0 1925 0 
81600 3 2000 232 0 0 1768 0 
81600 4 2000 83 1 0 1916 0 
81600 5 2000 323 2 0 1675 0 
81600 6 2000 170 1 0 1829 0 
82800 0 2000 1177 24 0 777 22 
82800 1 2000 138 1 0 1858 3 
82800 2 2000 71 0 0 1929 0 
82800 3 2000 227 2 0 1768 3 
82800 4 2000 85 0 0 1912 3 
82800 5 2000 309 3 0 1688 0 
82800 6 2000 177 1 0 1819 3 
84000 0 2000 1130 30 0 813 27 
84000 1 2000 138 0 0 1860 2 
84000 2 2000 73 0 0 1927 0 
84000 3 2000 243 2 0 1755 0 
84000 4 2000 84 1 0 1915 0 
84000 5 2000 326 1 0 1668 5 
84000 6 2000 172 1 0 1825 2 
85200 0 2000 1156 30 0 782 32 
85200 1 2000 136 1 0 1862 1 
85200 2 2000 73 0 0 1925 2 
85200 3 2000 229 1 0 1765 5 
85200 4 2000 86 0 0 1912 2 
85200 5 2000 321 1 0 1677 1 
85200 6 2000 162 1 0 1837 0 
86400 0 2000 1162 24 0 770 44 
86400 1 2000 150 0 0 1850 0 
86400 2 2000 75 0 0 1925 0 
86400 3 2000 227 2 0 1771 0 
86400 4 2000 79 0 0 1921 0 
86400 5 2000 335 4 0 1660 1 
86400 6 2000 174 0 0 1824 2 
87600 0 2000 1188 27 0 763 22 
87600 1 2000 136 0 0 1864 0 
87600 2 2000 67 0 0 1932 1 
87600 3 2000 227 1 0 1771 1 
87600 4 2000 82 0 0 1917 1 
87600 5 2000 326 3 0 1670 1 
87600 6 2000 172 0 0 1828 0 
88800 0 2000 1181 20 0 769 30 
88800 1 2000 136 0 0 1863 1 
88800 2 2000 71 0 0 1928 1 
88800 3 2000 235 1 0 1764 0 
88800 4 2000 79 0 0 1921 0 
88800 5 2000 321 2 0 1677 0 
88800 6 2000 176 1 0 1823 0 
90000 0 2000 1185 27 0 769 19 
90000 1 2000 135 0 0 1861 4 
90000 2 2000 72 0 0 1928 0 
90000 3 2000 215 3 0 1779 3 
90000 4 2000 85 0 0 1911 4 
90000 5 2000 318 4 0 1669 9 
90000 6 2000 176 0 0 1823 1 
91200 0 2000 1164 19 0 786 31 
91200 1 2000 143 0 0 1857 0 
91200 2 2000 75 0 0 1924 1 
91200 3 2000 235 0 0 1765 0 
91200 4 2000 76 0 0 1923 1 
91200 5 2000 317 1 0 1680 2 
91200 6 2000 169 1 0 1826 4 
92400 0 2000 1155 28 0 784 33 
92400 1 2000 138 0 0 1858 4 
92400 2 2000 70 0 0 1930 0 
92400 3 2000 225 3 0 1767 5 
92400 4 2000 80 1 0 1916 3 
92400 5 2000 334 1 0 1660 5 
92400 6 2000 169 2 0 1828 1 
93600 0 2000 1153 22 0 791 34 
93600 1 2000 129 1 0 1870 0 
93600 2 2000 72 0 0 1927 1 
93600 3 2000 233 0 0 1765 2 
93600 4 2000 79 1 0 1920 0 
93600 5 2000 312 1 0 1683 4 
93600 6 2000 161 1 0 1838 0 
94800 0 2000 1150 27 0 791 32 
94800 1 2000 140 0 0 1860 0 
94800 2 2000 77 0 0 1923 0 
94800 3 2000 224 0 0 1771 5 
94800 4 2000 82 0 0 1918 0 
94800 5 2000 315 4 0 1677 4 
94800 6 2000 172 0 0 1827 1 
96000 0 2000 1158 24 0 802 16 
96000 1 2000 130 0 0 1863 7 
96000 2 2000 64 0 0 1936 0 
96000 3 2000 225 1 0 1774 0 
96000 4 2000 80 0 0 1920 0 
96000 5 2000 322 4 0 1674 0 
96000 6 2000 160 1 0 1836 3 
97200 0 2000 1159 26 0 781 34 
97200 1 2000 132 1 0 1867 0 
97200 2 2000 68 0 0 1932 0 
97200 3 2000 222 1 0 1776 1 
97200 4 2000 83 1 0 1916 0 
97200 5 2000 314 4 0 1679 3 
97200 6 2000 169 0 0 1831 0 
98400 0 2000 1154 22 0 772 52 
98400 1 2000 136 1 0 1863 0 
98400 2 2000 65 0 0 1935 0 
98400 3 2000 229 0 0 1767 4 
98400 4 2000 88 0 0 1912 0 
98400 5 2000 317 1 0 1680 2 
98400 6 2000 159 1 0 1837 3 
99600 0 2000 1168 16 0 794 22 
99600 1 2000 137 0 0 1863 0 
99600 2 2000 67 0 0 1933 0 
99600 3 2000 228 0 0 1771 1 
99600 4 2000 78 0 0 1917 5 
99600 5 2000 294 1 0 1704 1 
99600 6 2000 161 0 0 1839 0 
100800 0 2000 1148 22 0 795 35 
100800 1 2000 133 0 0 1866 1 
100800 2 2000 64 0 0 1933 3 
100800 3 2000 241 1 0 1756 2 
100800 4 2000 87 1 0 1912 0 
100800 5 2000 323 4 0 1671 2 
100800 6 2000 161 1 0 1836 2 
102000 0 2000 1179 21 0 789 11 
102000 1 2000 143 0 0 1857 0 
102000 2 2000 65 0 0 1935 0 
102000 3 2000 222 1 0 1774 3 
102000 4 2000 89 0 0 1911 0 
102000 5 2000 309 2 0 1689 0 
102000 6 2000 171 0 0 1829 0 
103200 0 2000 1169 24 0 768 39 
103200 1 2000 131 0 0 1869 0 
103200 2 2000 67 0 0 1933 0 
103200 3 2000 229 1 0 1770 0 
103200 4 2000 82 0 0 1918 0 
103200 5 2000 301 3 0 1686 10 
103200 6 2000 161 2 0 1836 1 
104400 0 2000 1167 14 0 781 38 
104400 1 2000 136 1 0 1862 1 
104400 2 2000 72 1 0 1926 1 
104400 3 2000 222 0 0 1771 7 
104400 4 2000 76 0 0 1921 3 
104400 5 2000 303 0 0 1697 0 
104400 6 2000 166 0 0 1834 0 
105600 0 2000 1156 16 0 793 35 
105600 1 2000 129 1 0 1869 1 
105600 2 2000 65 0 0 1935 0 
105600 3 2000 211 1 0 1787 1 
105600 4 2000 78 1 0 1920 1 
105600 5 2000 310 2 0 1684 4 
105600 6 2000 165 0 0 1834 1 
106800 0 2000 1168 23 0 780 29 
106800 1 2000 124 0 0 1875 1 
106800 2 2000 62 0 0 1937 1 
106800 3 2000 226 0 0 1773 1 
106800 4 2000 80 0 0 1919 1 
106800 5 2000 308 4 0 1686 2 
106800 6 2000 164 0 0 1836 0 
108000 0 2000 1137 29 0 794 40 
108000 1 2000 130 1 0 1869 0 
108000 2 2000 67 0 0 1933 0 
108000 3 2000 222 1 0 1776 1 
108000 4 2000 79 0 0 1920 1 
108000 5 2000 300 5 0 1689 6 
108000 6 2000 160 0 0 1839 1 
109200 0 2000 1145 27 0 793 35 
109200 1 2000 122 1 0 1877 0 
109200 2 2000 68 0 0 1932 0 
109200 3 2000 216 1 0 1780 3 
109200 4 2000 76 0 0 1924 0 
109200 5 2000 301 3 0 1694 2 
109200 6 2000 163 0 0 1837 0 
110400 0 2000 1157 17 0 792 34 
110400 1 2000 127 0 0 1869 4 
110400 2 2000 62 0 0 1938 0 
110400 3 2000 219 0 0 1779 2 
110400 4 2000 80 1 0 1919 0 
110400 5 2000 308 3 0 1687 2 
110400 6 2000 160 1 0 1838 1 
111600 0 2000 1147 15 0 789 49 
111600 1 2000 130 0 0 1870 0 
111600 2 2000 70 0 0 1930 0 
111600 3 2000 215 1 0 1780 4 
111600 4 2000 74 0 0 1926 0 
111600 5 2000 296 2 0 1702 0 
111600 6 2000 168 0 0 1827 5 
112800 0 2000 1148 20 0 795 37 
112800 1 2000 127 0 0 1873 0 
112800 2 2000 68 0 0 1932 0 
112800 3 2000 217 1 0 1778 4 
112800 4 2000 73 0 0 1927 0 
112800 5 2000 300 3 0 1693 4 
112800 6 2000 163 0 0 1835 2 
114000 0 2000 1159 23 0 786 32 
114000 1 2000 138 0 0 1862 0 
114000 2 2000 72 0 0 1927 1 
114000 3 2000 227 1 0 1770 2 
114000 4 2000 78 0 0 1922 0 
114000 5 2000 303 5 0 1691 1 
114000 6 2000 171 1 0 1828 0 
115200 0 2000 1139 19 0 809 33 
115200 1 2000 121 1 0 1877 1 
115200 2 2000 68 0 0 1932 0 
115200 3 2000 219 0 0 1780 1 
115200 4 2000 81 0 0 1916 3 
115200 5 2000 303 4 0 1693 0 
115200 6 2000 161 0 0 1838 1 
116400 0 2000 1139 24 0 803 34 
116400 1 2000 126 0 0 1874 0 
116400 2 2000 73 1 0 1926 0 
116400 3 2000 222 0 0 1774 4 
116400 4 2000 81 0 0 1919 0 
116400 5 2000 281 2 0 1713 4 
116400 6 2000 158 0 0 1842 0 
117600 0 2000 1144 22 0 803 31 
117600 1 2000 136 0 0 1862 2 
117600 2 2000 72 0 0 1928 0 
117600 3 2000 216 0 0 1783 1 
117600 4 2000 74 0 0 1926 0 
117600 5 2000 285 4 0 1709 2 
117600 6 2000 157 0 0 1841 2 
118800 0 2000 1168 26 0 786 20 
118800 1 2000 130 1 0 1868 1 
118800 2 2000 66 0 0 1933 1 
118800 3 2000 223 1 0 1772 4 
118800 4 2000 75 0 0 1925 0 
118800 5 2000 289 2 0 1700 9 
118800 6 2000 170 0 0 1825 5 
