0 0 0 0 0 0 0 0 
1200 0 1000 537 17 0 446 0 
2400 0 1000 541 14 0 445 0 
3600 0 1000 538 14 0 448 0 
4800 0 1000 548 21 0 431 0 
6000 0 1000 555 15 0 430 0 
7200 0 1000 541 16 0 442 0 
8400 0 1000 537 19 0 443 0 
9600 0 1000 565 16 0 419 0 
10800 0 1000 537 13 0 450 0 
12000 0 1000 526 18 0 456 0 
13200 0 1000 542 19 0 438 0 
14400 0 1000 538 19 0 442 0 
15600 0 1000 538 16 0 445 0 
16800 0 1000 542 18 0 439 0 
18000 0 1000 527 17 0 430 26 
19200 0 1000 517 12 0 442 28 
20400 0 1000 539 10 0 434 17 
21600 0 1000 541 21 0 423 15 
22800 0 1000 511 19 0 428 42 
24000 0 1000 513 13 0 448 25 
25200 0 1000 534 17 0 419 29 
26400 0 1000 536 14 0 432 17 
27600 0 1000 541 9 0 431 18 
28800 0 1000 531 12 0 440 16 
30000 0 1000 525 14 0 431 30 
31200 0 1000 496 8 0 482 14 
32400 0 1000 519 9 0 446 26 
33600 0 1000 505 13 0 454 28 
34800 0 1000 535 4 0 444 16 
36000 0 1000 537 8 0 438 16 
37200 0 1000 514 13 0 462 11 
38400 0 1000 526 11 0 430 33 
39600 0 1000 515 9 0 456 20 
40800 0 1000 533 18 0 438 10 
42000 0 1000 513 10 0 452 25 
43200 0 1000 480 14 0 461 45 
44400 0 1000 511 9 0 459 21 
45600 0 1000 508 12 0 464 16 
46800 0 1000 524 13 0 447 16 
48000 0 1000 521 9 0 444 26 
49200 0 1000 513 12 0 457 18 
50400 0 1000 515 8 0 466 11 
51600 0 1000 507 5 0 472 16 
52800 0 1000 496 11 0 476 17 
54000 0 1000 503 5 0 473 19 
55200 0 1000 506 9 0 469 16 
56400 0 1000 497 4 0 474 25 
57600 0 1000 514 6 0 459 21 
58800 0 1000 495 5 0 478 22 
60000 0 1000 503 9 0 457 31 
61200 0 1000 503 5 0 470 22 
62400 0 1000 501 9 0 475 15 
63600 0 1000 512 6 0 470 12 
64800 0 1000 517 10 0 461 12 
66000 0 1000 510 7 0 473 10 
67200 0 1000 491 14 0 473 22 
68400 0 1000 512 7 0 465 16 
69600 0 1000 496 8 0 474 22 
70800 0 1000 495 7 0 478 20 
72000 0 1000 466 3 0 502 29 
73200 0 1000 506 13 0 463 18 
74400 0 1000 512 3 0 473 12 
75600 0 1000 500 8 0 473 19 
76800 0 1000 509 5 0 462 24 
78000 0 1000 495 9 0 475 21 
79200 0 1000 497 7 0 473 23 
80400 0 1000 494 4 0 482 20 
81600 0 1000 517 6 0 449 28 
82800 0 1000 487 9 0 485 19 
84000 0 1000 521 7 0 453 19 
85200 0 1000 499 6 0 485 10 
86400 0 1000 522 4 0 457 17 
87600 0 1000 502 10 0 480 8 
88800 0 1000 504 3 0 473 20 
90000 0 1000 475 3 0 500 22 
91200 0 1000 503 4 0 481 12 
92400 0 1000 494 5 0 487 14 
93600 0 1000 465 4 0 502 29 
94800 0 1000 505 5 0 470 20 
96000 0 1000 516 3 0 466 15 
97200 0 1000 490 3 0 494 13 
98400 0 1000 480 3 0 506 11 
99600 0 1000 483 4 0 510 3 
100800 0 1000 492 3 0 489 16 
102000 0 1000 477 6 0 505 12 
103200 0 1000 487 7 0 490 16 
104400 0 1000 481 2 0 495 22 
105600 0 1000 506 3 0 472 19 
106800 0 1000 496 1 0 476 27 
108000 0 1000 483 1 0 507 9 
109200 0 1000 499 2 0 486 13 
110400 0 1000 496 3 0 493 8 
111600 0 1000 499 3 0 482 16 
112800 0 1000 508 3 0 480 9 
114000 0 1000 496 7 0 480 17 
115200 0 1000 493 4 0 477 26 
116400 0 1000 520 5 0 461 14 
117600 0 1000 499 8 0 480 13 
118800 0 1000 492 3 0 483 22 
