0 0.000000 0.000000
1200 2000.000000 1398.000000
2400 2000.000000 1399.000000
3600 2000.000000 1386.000000
4800 2000.000000 1390.000000
6000 2000.000000 1372.000000
7200 2000.000000 1396.000000
8400 2000.000000 1406.000000
9600 2000.000000 1395.000000
10800 2000.000000 1384.000000
12000 2000.000000 1235.000000
13200 2000.000000 1354.000000
14400 2000.000000 1416.000000
15600 2000.000000 1454.000000
16800 2000.000000 1502.000000
18000 2000.000000 1515.000000
19200 2000.000000 1529.000000
20400 2000.000000 1532.000000
21600 2000.000000 1530.000000
22800 2000.000000 1525.000000
24000 2000.000000 1541.000000
25200 2000.000000 1535.000000
26400 2000.000000 1560.000000
27600 2000.000000 1566.000000
28800 2000.000000 1557.000000
30000 2000.000000 1591.000000
31200 2000.000000 1574.000000
32400 2000.000000 1545.000000
33600 2000.000000 1563.000000
34800 2000.000000 1564.000000
36000 2000.000000 1563.000000
37200 2000.000000 1582.000000
38400 2000.000000 1597.000000
39600 2000.000000 1597.000000
40800 2000.000000 1597.000000
42000 2000.000000 1610.000000
43200 2000.000000 1608.000000
44400 2000.000000 1596.000000
45600 2000.000000 1631.000000
46800 2000.000000 1609.000000
48000 2000.000000 1605.000000
49200 2000.000000 1607.000000
50400 2000.000000 1604.000000
51600 2000.000000 1634.000000
52800 2000.000000 1609.000000
54000 2000.000000 1608.000000
55200 2000.000000 1600.000000
56400 2000.000000 1617.000000
57600 2000.000000 1627.000000
58800 2000.000000 1607.000000
60000 2000.000000 1602.000000
61200 2000.000000 1615.000000
62400 2000.000000 1609.000000
63600 2000.000000 1628.000000
64800 2000.000000 1610.000000
66000 2000.000000 1624.000000
67200 2000.000000 1607.000000
68400 2000.000000 1611.000000
69600 2000.000000 1635.000000
70800 2000.000000 1633.000000
72000 2000.000000 1635.000000
73200 2000.000000 1624.000000
74400 2000.000000 1624.000000
75600 2000.000000 1628.000000
76800 2000.000000 1629.000000
78000 2000.000000 1638.000000
79200 2000.000000 1605.000000
80400 2000.000000 1606.000000
81600 2000.000000 1601.000000
82800 2000.000000 1617.000000
84000 2000.000000 1591.000000
85200 2000.000000 1632.000000
86400 2000.000000 1628.000000
87600 2000.000000 1621.000000
88800 2000.000000 1599.000000
90000 2000.000000 1634.000000
91200 2000.000000 1629.000000
92400 2000.000000 1607.000000
93600 2000.000000 1610.000000
94800 2000.000000 1596.000000
96000 2000.000000 1627.000000
97200 2000.000000 1621.000000
98400 2000.000000 1583.000000
99600 2000.000000 1636.000000
100800 2000.000000 1602.000000
102000 2000.000000 1613.000000
103200 2000.000000 1617.000000
104400 2000.000000 1624.000000
105600 2000.000000 1629.000000
106800 2000.000000 1627.000000
108000 2000.000000 1610.000000
109200 2000.000000 1632.000000
110400 2000.000000 1616.000000
111600 2000.000000 1600.000000
