0 0 0 0 0 0 0 0 
0 1 0 0 0 0 0 0 
0 2 0 0 0 0 0 0 
0 3 0 0 0 0 0 0 
0 4 0 0 0 0 0 0 
0 5 0 0 0 0 0 0 
0 6 0 0 0 0 0 0 
1200 0 2000 1223 112 0 664 0 
1200 1 2000 63 0 0 1937 0 
1200 2 2000 303 6 0 1690 0 
1200 3 2000 273 9 0 1717 0 
1200 4 2000 135 1 0 1864 0 
1200 5 2000 309 6 0 1685 0 
1200 6 2000 687 23 0 1290 0 
2400 0 2000 1223 91 0 686 0 
2400 1 2000 69 0 0 1931 0 
2400 2 2000 269 5 0 1726 0 
2400 3 2000 273 2 0 1725 0 
2400 4 2000 139 0 0 1861 0 
2400 5 2000 297 6 0 1697 0 
2400 6 2000 672 35 0 1293 0 
3600 0 2000 1235 91 0 673 0 
3600 1 2000 68 0 0 1932 0 
3600 2 2000 313 3 0 1684 0 
3600 3 2000 284 4 0 1712 0 
3600 4 2000 136 1 0 1863 0 
3600 5 2000 311 10 0 1678 0 
3600 6 2000 677 33 0 1289 0 
4800 0 2000 1238 107 0 653 0 
4800 1 2000 62 1 0 1937 0 
4800 2 2000 302 7 0 1691 0 
4800 3 2000 273 6 0 1720 0 
4800 4 2000 144 0 0 1856 0 
4800 5 2000 304 4 0 1691 0 
4800 6 2000 688 27 0 1284 0 
6000 0 2000 1286 72 0 642 0 
6000 1 2000 66 1 0 1933 0 
6000 2 2000 291 4 0 1705 0 
6000 3 2000 267 2 0 1731 0 
6000 4 2000 130 0 0 1870 0 
6000 5 2000 304 3 0 1693 0 
6000 6 2000 675 17 0 1308 0 
7200 0 2000 1265 94 0 640 0 
7200 1 2000 59 1 0 1940 0 
7200 2 2000 286 8 0 1706 0 
7200 3 2000 283 8 0 1709 0 
7200 4 2000 141 3 0 1856 0 
7200 5 2000 313 4 0 1682 0 
7200 6 2000 692 22 0 1285 0 
8400 0 2000 1244 88 0 668 0 
8400 1 2000 64 1 0 1935 0 
8400 2 2000 309 5 0 1686 0 
8400 3 2000 283 5 0 1712 0 
8400 4 2000 136 1 0 1863 0 
8400 5 2000 307 5 0 1688 0 
8400 6 2000 688 25 0 1287 0 
9600 0 2000 1255 86 0 659 0 
9600 1 2000 73 0 0 1927 0 
9600 2 2000 299 5 0 1696 0 
9600 3 2000 281 1 0 1718 0 
9600 4 2000 140 0 0 1860 0 
9600 5 2000 306 2 0 1692 0 
9600 6 2000 682 24 0 1294 0 
10800 0 2000 1210 121 0 668 0 
10800 1 2000 63 0 0 1937 0 
10800 2 2000 297 6 0 1697 0 
10800 3 2000 278 3 0 1719 0 
10800 4 2000 140 1 0 1859 0 
10800 5 2000 319 4 0 1676 0 
10800 6 2000 656 37 0 1306 0 
12000 0 2000 1237 96 0 666 0 
12000 1 2000 68 2 0 1930 0 
12000 2 2000 298 2 0 1699 0 
12000 3 2000 283 3 0 1713 0 
12000 4 2000 132 1 0 1866 0 
12000 5 2000 303 9 0 1688 0 
12000 6 2000 643 31 0 1326 0 
13200 0 2000 1226 100 0 674 0 
13200 1 2000 64 0 0 1936 0 
13200 2 2000 288 6 0 1706 0 
13200 3 2000 283 7 0 1710 0 
13200 4 2000 145 2 0 1853 0 
13200 5 2000 321 4 0 1675 0 
13200 6 2000 676 31 0 1293 0 
14400 0 2000 1235 96 0 668 0 
14400 1 2000 70 0 0 1930 0 
14400 2 2000 300 7 0 1692 0 
14400 3 2000 295 6 0 1698 0 
14400 4 2000 130 1 0 1869 0 
14400 5 2000 313 7 0 1680 0 
14400 6 2000 675 37 0 1288 0 
15600 0 2000 1261 86 0 652 0 
15600 1 2000 59 1 0 1940 0 
15600 2 2000 305 5 0 1690 0 
15600 3 2000 270 3 0 1726 0 
15600 4 2000 144 1 0 1855 0 
15600 5 2000 302 10 0 1687 0 
15600 6 2000 687 24 0 1288 0 
16800 0 2000 1227 98 0 673 0 
16800 1 2000 63 0 0 1937 0 
16800 2 2000 296 7 0 1696 0 
16800 3 2000 269 3 0 1727 0 
16800 4 2000 132 0 0 1868 0 
16800 5 2000 306 6 0 1687 0 
16800 6 2000 680 24 0 1295 0 
18000 0 2000 1198 81 0 660 61 
18000 1 2000 68 0 0 1931 1 
18000 2 2000 307 11 0 1680 2 
18000 3 2000 279 6 0 1712 3 
18000 4 2000 130 2 0 1867 1 
18000 5 2000 325 3 0 1661 11 
18000 6 2000 668 30 0 1270 32 
19200 0 2000 1216 86 0 665 31 
19200 1 2000 61 0 0 1939 0 
19200 2 2000 293 6 0 1690 11 
19200 3 2000 276 5 0 1709 9 
19200 4 2000 120 1 0 1879 0 
19200 5 2000 306 3 0 1684 6 
19200 6 2000 679 25 0 1283 12 
20400 0 2000 1208 72 0 655 64 
20400 1 2000 70 1 0 1925 4 
20400 2 2000 302 4 0 1687 7 
20400 3 2000 278 5 0 1714 3 
20400 4 2000 142 0 0 1857 1 
20400 5 2000 313 8 0 1675 3 
20400 6 2000 677 25 0 1265 32 
21600 0 2000 1182 113 0 656 48 
21600 1 2000 67 2 0 1931 0 
21600 2 2000 314 12 0 1670 4 
21600 3 2000 279 6 0 1708 7 
21600 4 2000 140 1 0 1853 6 
21600 5 2000 292 4 0 1681 22 
21600 6 2000 665 32 0 1289 13 
22800 0 2000 1214 76 0 658 52 
22800 1 2000 70 0 0 1929 1 
22800 2 2000 288 4 0 1698 10 
22800 3 2000 279 1 0 1718 2 
22800 4 2000 136 1 0 1857 6 
22800 5 2000 312 5 0 1680 3 
22800 6 2000 687 19 0 1276 18 
24000 0 2000 1201 104 0 619 75 
24000 1 2000 68 1 0 1928 3 
24000 2 2000 302 11 0 1672 15 
24000 3 2000 279 6 0 1706 9 
24000 4 2000 134 3 0 1862 1 
24000 5 2000 314 8 0 1667 10 
24000 6 2000 677 27 0 1274 21 
25200 0 2000 1204 88 0 660 46 
25200 1 2000 70 0 0 1928 2 
25200 2 2000 305 12 0 1670 13 
25200 3 2000 280 3 0 1710 6 
25200 4 2000 142 1 0 1854 3 
25200 5 2000 297 8 0 1685 9 
25200 6 2000 674 29 0 1279 17 
26400 0 2000 1169 90 0 664 76 
26400 1 2000 73 0 0 1927 0 
26400 2 2000 290 5 0 1698 7 
26400 3 2000 274 2 0 1718 6 
26400 4 2000 145 0 0 1852 3 
26400 5 2000 316 6 0 1670 7 
26400 6 2000 662 28 0 1290 19 
27600 0 2000 1196 105 0 636 63 
27600 1 2000 67 1 0 1930 2 
27600 2 2000 306 3 0 1676 15 
27600 3 2000 277 4 0 1714 5 
27600 4 2000 119 2 0 1875 4 
27600 5 2000 293 8 0 1693 6 
27600 6 2000 658 24 0 1306 12 
28800 0 2000 1206 89 0 656 49 
28800 1 2000 71 1 0 1925 3 
28800 2 2000 312 3 0 1677 8 
28800 3 2000 275 1 0 1717 7 
28800 4 2000 129 1 0 1869 1 
28800 5 2000 309 5 0 1679 7 
28800 6 2000 679 26 0 1285 10 
30000 0 2000 1186 77 0 661 75 
30000 1 2000 68 0 0 1930 2 
30000 2 2000 299 5 0 1684 11 
30000 3 2000 266 2 0 1717 14 
30000 4 2000 126 0 0 1867 7 
30000 5 2000 310 10 0 1672 8 
30000 6 2000 690 22 0 1269 19 
31200 0 2000 1193 98 0 658 50 
31200 1 2000 67 0 0 1933 0 
31200 2 2000 315 6 0 1669 10 
31200 3 2000 272 7 0 1718 3 
31200 4 2000 133 1 0 1866 0 
31200 5 2000 323 6 0 1661 9 
31200 6 2000 674 28 0 1293 4 
32400 0 2000 1199 79 0 658 63 
32400 1 2000 66 1 0 1931 2 
32400 2 2000 294 8 0 1691 6 
32400 3 2000 273 5 0 1715 6 
32400 4 2000 141 1 0 1854 4 
32400 5 2000 298 4 0 1692 6 
32400 6 2000 680 15 0 1285 19 
33600 0 2000 1192 93 0 659 55 
33600 1 2000 64 0 0 1935 1 
33600 2 2000 288 4 0 1699 9 
33600 3 2000 284 4 0 1704 7 
33600 4 2000 125 2 0 1872 1 
33600 5 2000 301 6 0 1684 9 
33600 6 2000 665 26 0 1283 26 
34800 0 2000 1218 96 0 645 40 
34800 1 2000 75 0 0 1925 0 
34800 2 2000 296 6 0 1694 4 
34800 3 2000 268 7 0 1720 5 
34800 4 2000 134 2 0 1864 0 
34800 5 2000 300 5 0 1689 5 
34800 6 2000 675 29 0 1289 6 
36000 0 2000 1206 88 0 657 47 
36000 1 2000 60 1 0 1935 4 
36000 2 2000 289 9 0 1695 7 
36000 3 2000 267 3 0 1727 2 
36000 4 2000 136 0 0 1860 4 
36000 5 2000 308 3 0 1684 4 
36000 6 2000 688 21 0 1273 17 
37200 0 2000 1189 101 0 651 59 
37200 1 2000 73 0 0 1925 2 
37200 2 2000 278 7 0 1695 20 
37200 3 2000 273 3 0 1717 7 
37200 4 2000 128 1 0 1871 0 
37200 5 2000 306 5 0 1680 9 
37200 6 2000 649 26 0 1299 26 
38400 0 2000 1202 79 0 659 59 
38400 1 2000 61 0 0 1939 0 
38400 2 2000 296 7 0 1687 10 
38400 3 2000 264 4 0 1725 7 
38400 4 2000 136 2 0 1856 6 
38400 5 2000 291 11 0 1690 7 
38400 6 2000 649 30 0 1299 21 
39600 0 2000 1227 79 0 649 45 
39600 1 2000 66 0 0 1933 1 
39600 2 2000 287 2 0 1702 9 
39600 3 2000 282 4 0 1708 6 
39600 4 2000 135 1 0 1859 5 
39600 5 2000 284 10 0 1703 2 
39600 6 2000 680 27 0 1271 21 
40800 0 2000 1202 95 0 641 61 
40800 1 2000 67 0 0 1933 0 
40800 2 2000 298 3 0 1696 3 
40800 3 2000 281 0 0 1717 2 
40800 4 2000 113 1 0 1885 1 
40800 5 2000 290 8 0 1698 3 
40800 6 2000 663 27 0 1286 23 
42000 0 2000 1209 86 0 645 59 
42000 1 2000 61 0 0 1937 2 
42000 2 2000 301 4 0 1690 4 
42000 3 2000 281 8 0 1706 4 
42000 4 2000 126 2 0 1870 2 
42000 5 2000 318 5 0 1665 12 
42000 6 2000 672 24 0 1277 26 
43200 0 2000 1211 100 0 620 68 
43200 1 2000 64 0 0 1936 0 
43200 2 2000 310 5 0 1663 22 
43200 3 2000 271 11 0 1716 2 
43200 4 2000 138 1 0 1859 2 
43200 5 2000 308 4 0 1671 16 
43200 6 2000 668 33 0 1267 31 
44400 0 2000 1222 95 0 631 52 
44400 1 2000 67 0 0 1933 0 
44400 2 2000 304 3 0 1690 3 
44400 3 2000 281 1 0 1701 17 
44400 4 2000 136 0 0 1862 2 
44400 5 2000 313 9 0 1669 9 
44400 6 2000 673 25 0 1276 26 
45600 0 2000 1213 84 0 644 59 
45600 1 2000 75 0 0 1923 2 
45600 2 2000 296 7 0 1693 4 
45600 3 2000 277 7 0 1712 4 
45600 4 2000 127 1 0 1866 6 
45600 5 2000 308 10 0 1678 4 
45600 6 2000 698 33 0 1255 14 
46800 0 2000 1181 107 0 655 55 
46800 1 2000 78 0 0 1922 0 
46800 2 2000 288 7 0 1690 14 
46800 3 2000 280 0 0 1706 13 
46800 4 2000 136 0 0 1862 2 
46800 5 2000 297 7 0 1683 12 
46800 6 2000 666 29 0 1280 24 
48000 0 2000 1230 68 0 627 74 
48000 1 2000 63 1 0 1934 2 
48000 2 2000 301 5 0 1692 2 
48000 3 2000 280 4 0 1715 0 
48000 4 2000 131 0 0 1866 3 
48000 5 2000 300 2 0 1692 6 
48000 6 2000 672 22 0 1288 18 
49200 0 2000 1219 87 0 633 59 
49200 1 2000 71 0 0 1926 3 
49200 2 2000 299 8 0 1684 9 
49200 3 2000 275 7 0 1706 11 
49200 4 2000 142 1 0 1857 0 
49200 5 2000 312 7 0 1676 4 
49200 6 2000 656 27 0 1281 35 
50400 0 2000 1209 95 0 639 56 
50400 1 2000 60 0 0 1940 0 
50400 2 2000 309 4 0 1684 3 
50400 3 2000 290 3 0 1701 6 
50400 4 2000 130 3 0 1862 5 
50400 5 2000 292 9 0 1693 5 
50400 6 2000 661 37 0 1273 28 
51600 0 2000 1191 100 0 642 65 
51600 1 2000 73 0 0 1927 0 
51600 2 2000 308 6 0 1683 3 
51600 3 2000 280 4 0 1705 10 
51600 4 2000 130 4 0 1865 1 
51600 5 2000 310 5 0 1681 3 
51600 6 2000 692 20 0 1266 21 
52800 0 2000 1196 96 0 644 64 
52800 1 2000 66 0 0 1933 1 
52800 2 2000 286 10 0 1690 14 
52800 3 2000 284 4 0 1709 3 
52800 4 2000 137 2 0 1858 3 
52800 5 2000 323 5 0 1662 10 
52800 6 2000 662 27 0 1287 24 
54000 0 2000 1219 89 0 626 65 
54000 1 2000 63 2 0 1935 0 
54000 2 2000 301 7 0 1683 9 
54000 3 2000 273 3 0 1711 12 
54000 4 2000 140 0 0 1860 0 
54000 5 2000 303 5 0 1685 7 
54000 6 2000 665 18 0 1282 35 
55200 0 2000 1226 89 0 606 78 
55200 1 2000 69 0 0 1930 1 
55200 2 2000 308 7 0 1678 7 
55200 3 2000 272 5 0 1711 11 
55200 4 2000 135 2 0 1856 7 
55200 5 2000 306 0 0 1691 3 
55200 6 2000 681 30 0 1264 25 
56400 0 2000 1239 89 0 614 57 
56400 1 2000 61 1 0 1938 0 
56400 2 2000 295 6 0 1694 5 
56400 3 2000 269 1 0 1725 5 
56400 4 2000 126 2 0 1872 0 
56400 5 2000 315 9 0 1667 8 
56400 6 2000 680 17 0 1263 39 
57600 0 2000 1215 105 0 603 75 
57600 1 2000 65 0 0 1935 0 
57600 2 2000 314 3 0 1674 9 
57600 3 2000 267 1 0 1717 14 
57600 4 2000 132 1 0 1867 0 
57600 5 2000 314 6 0 1671 8 
57600 6 2000 692 29 0 1256 22 
58800 0 2000 1232 79 0 644 45 
58800 1 2000 72 1 0 1927 0 
58800 2 2000 294 5 0 1689 12 
58800 3 2000 263 5 0 1731 1 
58800 4 2000 151 2 0 1847 0 
58800 5 2000 298 2 0 1693 7 
58800 6 2000 685 20 0 1273 22 
60000 0 2000 1223 112 0 608 57 
60000 1 2000 60 0 0 1935 5 
60000 2 2000 311 5 0 1678 6 
60000 3 2000 276 4 0 1719 1 
60000 4 2000 130 0 0 1866 4 
60000 5 2000 319 7 0 1663 11 
60000 6 2000 674 33 0 1264 29 
61200 0 2000 1233 112 0 611 43 
61200 1 2000 77 0 0 1920 3 
61200 2 2000 297 6 0 1680 17 
61200 3 2000 279 5 0 1708 8 
61200 4 2000 133 1 0 1863 3 
61200 5 2000 317 5 0 1674 3 
61200 6 2000 689 29 0 1266 15 
62400 0 2000 1233 93 0 630 43 
62400 1 2000 72 0 0 1928 0 
62400 2 2000 309 2 0 1683 6 
62400 3 2000 266 2 0 1730 2 
62400 4 2000 139 1 0 1858 2 
62400 5 2000 306 7 0 1677 9 
62400 6 2000 653 22 0 1302 22 
63600 0 2000 1211 93 0 644 52 
63600 1 2000 70 0 0 1929 1 
63600 2 2000 294 6 0 1691 9 
63600 3 2000 286 3 0 1706 5 
63600 4 2000 142 2 0 1856 0 
63600 5 2000 305 2 0 1690 3 
63600 6 2000 691 26 0 1270 13 
64800 0 2000 1229 91 0 608 72 
64800 1 2000 56 0 0 1942 2 
64800 2 2000 290 4 0 1693 13 
64800 3 2000 293 3 0 1694 10 
64800 4 2000 143 2 0 1854 1 
64800 5 2000 329 4 0 1655 12 
64800 6 2000 672 28 0 1280 20 
66000 0 2000 1217 101 0 621 61 
66000 1 2000 63 1 0 1933 3 
66000 2 2000 295 9 0 1689 7 
66000 3 2000 283 3 0 1706 8 
66000 4 2000 148 0 0 1849 3 
66000 5 2000 323 6 0 1665 6 
66000 6 2000 695 18 0 1268 19 
67200 0 2000 1214 96 0 614 76 
67200 1 2000 65 0 0 1929 6 
67200 2 2000 295 10 0 1682 13 
67200 3 2000 279 3 0 1714 4 
67200 4 2000 142 1 0 1852 5 
67200 5 2000 305 4 0 1682 9 
67200 6 2000 670 35 0 1270 25 
68400 0 2000 1212 99 0 621 68 
68400 1 2000 61 0 0 1937 2 
68400 2 2000 296 7 0 1687 10 
68400 3 2000 275 2 0 1717 6 
68400 4 2000 137 1 0 1861 1 
68400 5 2000 299 12 0 1688 1 
68400 6 2000 685 34 0 1260 21 
69600 0 2000 1204 102 0 617 76 
69600 1 2000 73 0 0 1925 2 
69600 2 2000 301 3 0 1686 10 
69600 3 2000 272 5 0 1717 5 
69600 4 2000 125 0 0 1875 0 
69600 5 2000 299 4 0 1694 3 
69600 6 2000 682 28 0 1249 41 
70800 0 2000 1222 92 0 605 80 
70800 1 2000 63 0 0 1936 1 
70800 2 2000 297 3 0 1689 11 
70800 3 2000 283 7 0 1702 8 
70800 4 2000 135 0 0 1864 1 
70800 5 2000 298 6 0 1689 6 
70800 6 2000 696 23 0 1247 33 
72000 0 2000 1209 102 0 604 84 
72000 1 2000 63 0 0 1934 3 
72000 2 2000 311 9 0 1674 6 
72000 3 2000 286 8 0 1706 0 
72000 4 2000 134 2 0 1860 4 
72000 5 2000 301 6 0 1687 5 
72000 6 2000 691 25 0 1256 27 
73200 0 2000 1224 107 0 608 60 
73200 1 2000 67 0 0 1930 3 
73200 2 2000 293 8 0 1688 10 
73200 3 2000 271 4 0 1715 9 
73200 4 2000 129 1 0 1868 2 
73200 5 2000 296 5 0 1694 5 
73200 6 2000 679 25 0 1272 24 
74400 0 2000 1268 89 0 589 52 
74400 1 2000 61 0 0 1938 1 
74400 2 2000 296 3 0 1686 15 
74400 3 2000 276 1 0 1707 15 
74400 4 2000 143 2 0 1855 0 
74400 5 2000 305 0 0 1682 12 
74400 6 2000 690 29 0 1270 10 
75600 0 2000 1236 96 0 609 57 
75600 1 2000 63 0 0 1935 2 
75600 2 2000 305 6 0 1685 4 
75600 3 2000 279 9 0 1697 14 
75600 4 2000 133 0 0 1861 6 
75600 5 2000 311 4 0 1664 20 
75600 6 2000 683 27 0 1269 20 
76800 0 2000 1217 109 0 597 75 
76800 1 2000 69 0 0 1927 4 
76800 2 2000 305 3 0 1679 13 
76800 3 2000 280 1 0 1711 7 
76800 4 2000 139 1 0 1859 0 
76800 5 2000 302 6 0 1679 12 
76800 6 2000 671 31 0 1275 22 
78000 0 2000 1233 111 0 596 59 
78000 1 2000 69 0 0 1928 3 
78000 2 2000 297 10 0 1690 3 
78000 3 2000 276 4 0 1704 15 
78000 4 2000 146 0 0 1849 5 
78000 5 2000 313 5 0 1670 12 
78000 6 2000 675 30 0 1261 34 
79200 0 2000 1220 101 0 604 75 
79200 1 2000 69 0 0 1931 0 
79200 2 2000 319 5 0 1661 15 
79200 3 2000 267 6 0 1725 2 
79200 4 2000 137 1 0 1855 7 
79200 5 2000 319 5 0 1655 21 
79200 6 2000 701 19 0 1248 32 
80400 0 2000 1248 83 0 608 61 
80400 1 2000 69 1 0 1930 0 
80400 2 2000 305 7 0 1683 4 
80400 3 2000 277 1 0 1713 7 
80400 4 2000 143 1 0 1848 8 
80400 5 2000 326 4 0 1667 2 
80400 6 2000 687 26 0 1260 25 
81600 0 2000 1232 111 0 603 54 
81600 1 2000 62 0 0 1937 1 
81600 2 2000 296 9 0 1679 16 
81600 3 2000 279 6 0 1709 6 
81600 4 2000 131 3 0 1860 6 
81600 5 2000 305 8 0 1677 10 
81600 6 2000 698 23 0 1258 21 
82800 0 2000 1235 112 0 596 56 
82800 1 2000 77 3 0 1919 1 
82800 2 2000 297 11 0 1671 21 
82800 3 2000 277 4 0 1706 12 
82800 4 2000 125 1 0 1870 4 
82800 5 2000 312 3 0 1679 6 
82800 6 2000 699 23 0 1247 31 
84000 0 2000 1245 109 0 571 75 
84000 1 2000 67 0 0 1933 0 
84000 2 2000 310 9 0 1671 10 
84000 3 2000 277 10 0 1712 1 
84000 4 2000 151 2 0 1846 1 
84000 5 2000 314 6 0 1660 20 
84000 6 2000 706 24 0 1244 26 
85200 0 2000 1214 94 0 609 83 
85200 1 2000 73 0 0 1925 2 
85200 2 2000 324 4 0 1660 12 
85200 3 2000 284 3 0 1702 11 
85200 4 2000 136 1 0 1862 1 
85200 5 2000 306 5 0 1673 16 
85200 6 2000 674 34 0 1261 31 
86400 0 2000 1238 88 0 610 64 
86400 1 2000 63 0 0 1937 0 
86400 2 2000 308 5 0 1681 6 
86400 3 2000 284 3 0 1708 5 
86400 4 2000 142 3 0 1853 2 
86400 5 2000 311 7 0 1674 8 
86400 6 2000 689 22 0 1260 29 
87600 0 2000 1249 107 0 591 53 
87600 1 2000 65 0 0 1932 3 
87600 2 2000 307 6 0 1685 2 
87600 3 2000 275 3 0 1713 9 
87600 4 2000 152 0 0 1846 2 
87600 5 2000 319 5 0 1672 4 
87600 6 2000 685 27 0 1265 23 
88800 0 2000 1254 112 0 582 52 
88800 1 2000 68 0 0 1931 1 
88800 2 2000 301 8 0 1684 7 
88800 3 2000 279 5 0 1695 21 
88800 4 2000 133 2 0 1863 2 
88800 5 2000 308 4 0 1683 5 
88800 6 2000 686 27 0 1266 21 
90000 0 2000 1229 115 0 587 68 
90000 1 2000 66 0 0 1934 0 
90000 2 2000 309 9 0 1675 6 
90000 3 2000 303 0 0 1688 8 
90000 4 2000 137 1 0 1855 7 
90000 5 2000 315 9 0 1657 19 
90000 6 2000 690 33 0 1250 27 
91200 0 2000 1245 85 0 585 85 
91200 1 2000 61 0 0 1935 4 
91200 2 2000 304 4 0 1686 6 
91200 3 2000 297 2 0 1691 10 
91200 4 2000 139 2 0 1854 5 
91200 5 2000 311 6 0 1663 20 
91200 6 2000 702 29 0 1254 15 
92400 0 2000 1232 82 0 612 73 
92400 1 2000 74 1 0 1924 1 
92400 2 2000 306 6 0 1674 14 
92400 3 2000 298 5 0 1685 11 
92400 4 2000 130 3 0 1862 5 
92400 5 2000 318 7 0 1673 2 
92400 6 2000 686 28 0 1254 32 
93600 0 2000 1237 113 0 593 55 
93600 1 2000 65 1 0 1932 2 
93600 2 2000 305 7 0 1680 8 
93600 3 2000 276 2 0 1713 8 
93600 4 2000 140 1 0 1856 2 
93600 5 2000 312 4 0 1667 16 
93600 6 2000 693 31 0 1260 15 
94800 0 2000 1236 120 0 590 54 
94800 1 2000 64 2 0 1934 0 
94800 2 2000 316 4 0 1675 5 
94800 3 2000 307 2 0 1686 5 
94800 4 2000 140 0 0 1854 6 
94800 5 2000 320 5 0 1668 7 
94800 6 2000 704 29 0 1246 21 
96000 0 2000 1233 119 0 579 68 
96000 1 2000 67 0 0 1931 2 
96000 2 2000 299 9 0 1686 6 
96000 3 2000 280 2 0 1709 9 
96000 4 2000 128 4 0 1865 3 
96000 5 2000 314 5 0 1676 4 
96000 6 2000 683 25 0 1262 29 
97200 0 2000 1228 113 0 596 61 
97200 1 2000 62 0 0 1937 1 
97200 2 2000 298 5 0 1693 3 
97200 3 2000 293 8 0 1689 9 
97200 4 2000 148 1 0 1851 0 
97200 5 2000 316 5 0 1670 8 
97200 6 2000 687 33 0 1256 23 
98400 0 2000 1210 96 0 604 89 
98400 1 2000 60 0 0 1938 2 
98400 2 2000 315 10 0 1668 7 
98400 3 2000 295 5 0 1694 5 
98400 4 2000 147 1 0 1852 0 
98400 5 2000 312 5 0 1678 5 
98400 6 2000 706 22 0 1246 26 
99600 0 2000 1245 108 0 591 56 
99600 1 2000 62 1 0 1937 0 
99600 2 2000 305 4 0 1687 4 
99600 3 2000 304 4 0 1686 6 
99600 4 2000 141 1 0 1853 5 
99600 5 2000 336 10 0 1650 4 
99600 6 2000 701 21 0 1262 16 
100800 0 2000 1213 108 0 607 72 
100800 1 2000 68 0 0 1931 1 
100800 2 2000 314 2 0 1682 2 
100800 3 2000 285 4 0 1705 6 
100800 4 2000 149 1 0 1848 2 
100800 5 2000 311 7 0 1675 7 
100800 6 2000 701 30 0 1263 6 
102000 0 2000 1273 116 0 577 32 
102000 1 2000 76 1 0 1923 0 
102000 2 2000 309 5 0 1684 2 
102000 3 2000 295 8 0 1689 7 
102000 4 2000 127 3 0 1868 2 
102000 5 2000 292 3 0 1699 5 
102000 6 2000 709 33 0 1249 8 
103200 0 2000 1244 97 0 567 92 
103200 1 2000 63 0 0 1935 2 
103200 2 2000 308 5 0 1675 12 
103200 3 2000 273 2 0 1705 20 
103200 4 2000 143 2 0 1854 1 
103200 5 2000 324 4 0 1664 8 
103200 6 2000 696 38 0 1249 17 
104400 0 2000 1269 83 0 595 53 
104400 1 2000 67 1 0 1930 2 
104400 2 2000 323 9 0 1661 7 
104400 3 2000 284 2 0 1714 0 
104400 4 2000 127 3 0 1868 2 
104400 5 2000 323 6 0 1667 4 
104400 6 2000 673 23 0 1281 23 
105600 0 2000 1245 106 0 584 65 
105600 1 2000 65 0 0 1935 0 
105600 2 2000 307 11 0 1671 11 
105600 3 2000 274 5 0 1711 10 
105600 4 2000 140 2 0 1851 7 
105600 5 2000 305 6 0 1667 22 
105600 6 2000 666 32 0 1287 15 
106800 0 2000 1225 105 0 593 77 
106800 1 2000 71 0 0 1926 3 
106800 2 2000 316 2 0 1675 7 
106800 3 2000 277 3 0 1713 6 
106800 4 2000 129 1 0 1867 2 
106800 5 2000 317 7 0 1661 14 
106800 6 2000 679 28 0 1260 32 
108000 0 2000 1254 98 0 589 58 
108000 1 2000 59 1 0 1939 1 
108000 2 2000 301 6 0 1669 23 
108000 3 2000 275 3 0 1713 8 
108000 4 2000 135 0 0 1859 6 
108000 5 2000 318 6 0 1669 7 
108000 6 2000 656 28 0 1286 30 
109200 0 2000 1237 121 0 578 64 
109200 1 2000 64 2 0 1932 2 
109200 2 2000 303 7 0 1679 11 
109200 3 2000 284 7 0 1695 14 
109200 4 2000 151 3 0 1843 3 
109200 5 2000 328 6 0 1661 5 
109200 6 2000 690 28 0 1255 27 
110400 0 2000 1219 109 0 595 76 
110400 1 2000 67 0 0 1927 6 
110400 2 2000 292 8 0 1694 6 
110400 3 2000 290 7 0 1696 7 
110400 4 2000 147 1 0 1851 1 
110400 5 2000 323 7 0 1656 13 
110400 6 2000 684 31 0 1254 30 
111600 0 2000 1214 113 0 594 77 
111600 1 2000 76 0 0 1923 1 
111600 2 2000 307 3 0 1677 13 
111600 3 2000 269 0 0 1716 14 
111600 4 2000 124 2 0 1872 2 
111600 5 2000 306 14 0 1669 10 
111600 6 2000 665 34 0 1259 41 
112800 0 2000 1234 101 0 593 71 
112800 1 2000 67 0 0 1931 2 
112800 2 2000 301 6 0 1683 9 
112800 3 2000 278 5 0 1713 3 
112800 4 2000 131 0 0 1867 1 
112800 5 2000 308 6 0 1674 12 
112800 6 2000 694 32 0 1255 18 
114000 0 2000 1217 119 0 599 64 
114000 1 2000 76 1 0 1920 3 
114000 2 2000 289 8 0 1683 20 
114000 3 2000 276 9 0 1707 7 
114000 4 2000 143 3 0 1849 5 
114000 5 2000 314 9 0 1667 10 
114000 6 2000 693 24 0 1263 20 
115200 0 2000 1236 112 0 576 75 
115200 1 2000 81 0 0 1918 1 
115200 2 2000 309 8 0 1680 2 
115200 3 2000 287 3 0 1703 6 
115200 4 2000 154 3 0 1840 3 
115200 5 2000 312 2 0 1679 7 
115200 6 2000 692 24 0 1256 28 
116400 0 2000 1249 101 0 586 63 
116400 1 2000 70 1 0 1925 4 
116400 2 2000 293 7 0 1696 4 
116400 3 2000 286 7 0 1697 9 
116400 4 2000 144 2 0 1849 5 
116400 5 2000 306 8 0 1678 8 
116400 6 2000 669 42 0 1261 28 
117600 0 2000 1270 113 0 559 58 
117600 1 2000 73 1 0 1926 0 
117600 2 2000 305 5 0 1682 8 
117600 3 2000 279 3 0 1713 4 
117600 4 2000 125 0 0 1872 3 
117600 5 2000 317 9 0 1663 11 
117600 6 2000 694 27 0 1254 25 
118800 0 2000 1241 114 0 572 72 
118800 1 2000 72 0 0 1925 3 
118800 2 2000 325 6 0 1656 13 
118800 3 2000 296 2 0 1698 3 
118800 4 2000 142 2 0 1852 4 
118800 5 2000 334 9 0 1648 9 
118800 6 2000 676 38 0 1267 19 
